0.01 67.62381619219023
0.060000000000000005 66.80390204656648
0.11 66.07742912219445
0.16000000000000003 65.43428932434489
0.21000000000000002 64.86559265682075
0.26 64.36348981680834
0.31000000000000005 63.9210289914482
0.36000000000000004 63.53203833864697
0.41000000000000003 63.19102804915915
0.46 62.893107593368356
0.51 62.633914963109284
0.56 62.409555571940516
0.6100000000000001 62.21654907968222
0.66 62.05178283245089
0.7100000000000001 61.91247091054735
0.76 61.79611799093205
0.81 61.700487385241225
0.8600000000000001 61.62357272700118
0.91 61.56357286582284
0.9600000000000001 61.51886959079268
1.01 61.48800785604498
1.06 61.46967822266294
1.11 61.46270126531829
1.1600000000000001 61.46601372121725
1.2100000000000002 61.4786561841708
1.26 61.49976216874946
1.31 61.52854838906585
1.36 61.564306114135306
1.4100000000000001 61.60639347728091
1.4600000000000002 61.65422863089418
1.51 61.70728365021238
1.56 61.765079100782735
1.61 61.82717919408467
1.6600000000000001 61.89318746449409
1.7100000000000002 61.962742908508424
1.76 62.03551653400928
1.81 62.11120827340833
1.86 62.18954421989393
1.9100000000000001 62.27027415073711
1.9600000000000002 62.35316930580512
2.01 62.43802039312501
2.06 62.5246357965977
2.11 62.61283996383591
2.1599999999999997 62.702471954631235
2.21 62.793384132786564
2.26 62.88544098601724
2.31 62.97851806035872
2.36 63.07250099704642
2.41 63.16728466118367
2.46 63.26277235270271
2.51 63.35887509117501
2.56 63.4555109669564
2.61 63.55260455197165
2.66 63.650086364170456
2.71 63.74789238032867
2.76 63.84596359243762
2.81 63.944245603429415
2.86 64.04268825843323
2.91 64.14124530815533
2.96 64.2398741013283
3.01 64.33853530348932
3.06 64.437192639627
3.11 64.53581265848446
3.16 64.63436451652949
3.21 64.73281977979993
3.26 64.83115224200975
3.31 64.92933775745931
3.36 65.02735408743506
3.41 65.12518075891053
3.46 65.22279893447413
