1 63.188120406792876 0.20334198790633 0.023812554000375758 0.6594566887686308 0.9191055501177916 -0.937695987130875 -1.997712415488226 -0.007033757719813077
1 22.802059228331515 0.28105968556915695 0.024147023321264977 0.7193805460160537 0.9009441921213235 -0.8469034457013962 0.8182873448596939 -0.01816702465377351
1 23.018653636106603 0.36278410750745527 0.023169757124252746 0.6389379549018679 0.5346062592341918 -1.479040519068072 -1.8618196089241321 -0.014864341420009489
1 27.76365379766028 0.4594902194860436 0.021298657404090107 0.6151417982932537 0.5317638530759785 -1.2959142902361906 1.9998265722949542 0.0011645738039654796
1 59.780853240807545 0.19115931026061875 0.021446939818010536 0.43989598846181377 0.6163954431805151 -1.7979971411805418 -0.8881055875596315 0.005427377770576006
1 83.70978839256463 0.3738457003959499 0.02421425960094905 0.7879999557731224 0.6145240359820522 -1.9357995121919245 -0.7381878077636723 -0.009290364960971891
1 21.114457603519732 0.4884313510454473 0.02430389851117249 0.40574051097140984 0.8603609096800973 -0.6365792619468504 -0.09995297829375449 -0.009326992401898288
1 24.0985644386161 0.4884313510454473 0.02430389851117249 0.40574051097140984 0.8603609096800973 -0.6365792619468504 0.14788132163518064 -0.018159341088438054
1 16.268754066833903 0.375906233552332 0.021773465433177222 0.5186570555767676 0.6403848488481889 -1.3268109097747465 -1.6290166264794084 -0.011033121096823646
1 70.54130890538896 0.3632966737469404 0.02265471959829211 0.4699110444661867 0.9953677693688345 -0.3811390866443467 -1.974004961287756 0.0077687392675747854
1 32.15680321163185 0.3557707193831535 0.020125053776113334 0.5368754623333175 0.6116053690744114 -0.1333324870852357 -1.615221220508875 0.015265014399000302
1 161.2813828624843 0.10779069695433292 0.024645493081323085 0.8292956774642775 0.9158327646805897 -1.8304427143633897 0.7374679198079068 0.015542422540290386
1 44.49764621789971 0.10779069695433292 0.024645493081323085 0.5369420808260188 0.9158327646805897 -0.4475817726386029 0.8382007931669397 0.015804919911112988
1 29.07204618558694 0.28229778461930677 0.020125053776113334 0.8292347442713444 0.6116053690744114 -1.4729699964259448 -1.6829589216555254 0.015001512689372682
1 27.7760567581651 0.13477553305176648 0.022109609098426353 0.4935858424497153 0.6093189874018017 -0.9892894237932752 -1.8938561212645455 -0.0060719913570680475
1 46.93218947126438 0.35995377511180926 0.022724707403016083 0.43634205170181456 0.7946328419379544 -0.3811390866443467 -1.974004961287756 0.00624531408069208
1 28.404041619302006 0.13477553305176648 0.022109609098426353 0.4148986097190352 0.6093189874018017 -0.9892894237932752 -1.8938561212645455 -0.01204649397253406
1 38.23139904296119 0.30023444522011933 0.020893259402650657 0.8563139196724103 0.9352592849183834 -1.4031104171027342 0.5557979794640207 0.004358808457526894
1 61.53850965380477 0.2459328715880337 0.021850904835584415 0.5047535153857439 0.6334889110245567 -0.12669082457501202 0.5921415409863742 0.004365240226679529
2 29.30777088782166 0.4594902194860436 0.023103423044443086 0.6151417982932537 0.5317638530759785 -1.2959142902361906 1.9998265722949542 0.0011645738039654796
2 12.336567480774294 0.28105968556915695 0.02232859698903079 0.7193805460160537 0.9009441921213235 -0.8469034457013962 0.8182873448596939 -0.01816702465377351
2 77.02266017481737 0.10941490292020291 0.02430389851117249 0.40574051097140984 0.5491704194207692 -0.6365792619468504 -1.817482289667244 -0.005714789182297007
2 17.051555135566044 0.49416524453859445 0.022109609098426353 0.4935858424497153 0.9329115099944407 -0.9892894237932752 0.10050550887668042 -0.009670545720978634
2 53.457424948427224 0.4884313510454473 0.02430389851117249 0.40574051097140984 0.8603609096800973 -0.1760480858850455 0.14788132163518064 -0.018159341088438054
2 24.0985644386161 0.4884313510454473 0.02430389851117249 0.40574051097140984 0.8603609096800973 -0.6365792619468504 0.14788132163518064 -0.018159341088438054
2 23.351583918757072 0.4884313510454473 0.024573556459677542 0.40792520843012015 0.6521002275104371 -0.6365792619468504 -0.09995297829375449 -0.009326992401898288
2 25.75410249778809 0.375906233552332 0.021206933855110605 0.5471633300849211 0.8486141251696628 -1.3268109097747465 -1.6290166264794084 -0.011033121096823646
2 16.268754066833903 0.375906233552332 0.021773465433177222 0.5186570555767676 0.6403848488481889 -1.3268109097747465 -1.6290166264794084 -0.011033121096823646
2 28.404041619302006 0.13477553305176648 0.022109609098426353 0.4148986097190352 0.6093189874018017 -0.9892894237932752 -1.8938561212645455 -0.01204649397253406
2 14.088613980062357 0.29438160552306314 0.021706180375083203 0.866452523218751 0.5097916447730451 -1.4031104171027342 -1.8173000948151092 0.004358808457526894
2 299.45237024853435 0.36144129738075115 0.02002819628431841 0.49387721748659863 0.9948655523085254 -0.1333324870852357 1.2065130153122379 0.015265014399000302
2 14.805289009422506 0.276462307139968 0.021773465433177222 0.5186570555767676 0.6403848488481889 -1.3268109097747465 -1.7275834888843202 -0.011017141486578001
2 100.72655683937458 0.3451663790295263 0.021850904835584415 0.5047535153857439 0.6334889110245567 -0.12669082457501202 0.9815922062123805 0.0045824627742840005
2 26.742791834729815 0.35613668898535145 0.021773465433177222 0.541555775006103 0.6403848488481889 -1.3268109097747465 1.407822492248449 0.01755886260190431
2 28.991510492633772 0.37553007158234675 0.020125053776113334 0.5146652494203641 0.6116053690744114 -0.5270575716719752 -1.8485158426842543 -0.015133407067981695
2 36.04182761037247 0.28229778461930677 0.020125053776113334 0.8292347442713444 0.6116053690744114 -1.4729699964259448 1.0405539845850988 0.015001512689372682
2 30.154064438237803 0.28229778461930677 0.020007854052026996 0.8292347442713444 0.6116053690744114 -1.4729699964259448 -1.6829589216555254 0.015001512689372682
2 23.003803218621 0.3557707193831535 0.020125053776113334 0.5375146591845597 0.6116053690744114 -0.5270575716719752 0.7067979496916452 0.015687182708193814
3 27.778379860372613 0.4884313510454473 0.02430389851117249 0.40561715013364 0.8712710604241681 -0.9794619408768657 0.14788132163518064 -0.018159341088438054
3 10.56528807321827 0.49416524453859445 0.022109609098426353 0.5232378815324066 0.7676948717723351 -0.6474620874908139 0.10050550887668042 -0.009670545720978634
3 15.072536706607034 0.26190289521171134 0.0220622597235759 0.4148986097190352 0.6093189874018017 -0.9892894237932752 -1.8938561212645455 -0.011174257434744313
3 11.275198282164592 0.1259033752438746 0.021820950113072377 0.5186570555767676 0.5194850065050154 -1.3268109097747465 -1.7275834888843202 -0.0118890714675666
3 15.96408735496716 0.2777489906585129 0.021100726670784775 0.5215174811554623 0.6412151189333659 -1.3268109097747465 -1.7275834888843202 0.013085445559114655
3 18.1295696768554 0.35435858736478243 0.020828443298158767 0.5346620931241048 0.6108292945367673 -0.5270575716719752 0.7067979496916452 -0.009192241700927617
3 17.492261527201112 0.49416524453859445 0.021708419817178488 0.4935858424497153 0.9434662139750503 -0.9892894237932752 0.10050550887668042 -0.009670545720978634
3 15.337872324671173 0.375906233552332 0.022175403571156962 0.5186570555767676 0.6136847914699515 -1.3268109097747465 -1.6290166264794084 -0.011033121096823646
3 17.051555135566044 0.49416524453859445 0.022109609098426353 0.4935858424497153 0.9329115099944407 -0.9892894237932752 0.10050550887668042 -0.009670545720978634
3 12.343234925417251 0.28105968556915695 0.02232859698903079 0.7193805460160537 0.9009441921213235 -0.8469034457013962 0.8182873448596939 -0.01915008550323858
3 30.154064438237803 0.28229778461930677 0.020007854052026996 0.8292347442713444 0.6116053690744114 -1.4729699964259448 -1.6829589216555254 0.015001512689372682
3 77.02266017481737 0.10941490292020291 0.02430389851117249 0.40574051097140984 0.5491704194207692 -0.6365792619468504 -1.817482289667244 -0.005714789182297007
3 11.937095587867258 0.31419057808199624 0.022611731648644547 0.48439345315007964 0.5097916447730451 -1.3411209680092373 -1.1122460031054842 0.005758886915563203
3 22.380986457343003 0.43344271769378917 0.022198513096091128 0.8909892792028848 0.5317638530759785 -1.357892789971273 1.2053932644874896 -0.0002522921776734327
3 18.712634850465122 0.34012695191849274 0.0217707442760017 0.4952387410984337 0.6315304047970145 -0.9892894237932752 1.3955021476110168 -0.009670545720978634
3 18.002277214140385 0.4800883196976353 0.022190313901454074 0.5031035451917403 0.9258574267526305 -0.12669082457501202 -0.41961299522227447 -0.013562833257777381
3 53.800411854344844 0.4266731492479273 0.024866165783201055 0.541555775006103 0.8577628804830679 -0.8469932674715199 1.4280961017945675 -0.012690019882267645
3 25.515137876597308 0.4884313510454473 0.02048895534211409 0.40574051097140984 0.8603609096800973 -1.116709771227748 0.14788132163518064 0.012338909073214614
3 16.268754066833903 0.375906233552332 0.021773465433177222 0.5186570555767676 0.6403848488481889 -1.3268109097747465 -1.6290166264794084 -0.011033121096823646
4 17.008004094531994 0.495687563038553 0.022109609098426353 0.5312584625119466 0.7676948717723351 -0.6474620874908139 0.5088076753694897 -0.009670545720978634
4 17.0519443686621 0.49416524453859445 0.022109609098426353 0.48592657233308684 0.9329115099944407 -0.9892894237932752 0.10050550887668042 -0.009670545720978634
4 100.75576398179723 0.28105968556915695 0.02232859698903079 0.5562878948712171 0.9002459956467164 -0.24058597227533118 0.8182873448596939 -0.01915008550323858
4 7.955108888978274 0.4800883196976353 0.022190313901454074 0.6680894600541702 0.92647625660612 -0.7715616793225464 -0.41961299522227447 -0.013562833257777381
4 7.707740729208177 0.1259033752438746 0.021723369647677286 0.5186570555767676 0.541656394140584 -1.3268109097747465 -0.7361969519785583 -0.0118890714675666
4 7.944395017502246 0.4248458918158029 0.022428057674784032 0.7193805460160537 0.9048641134010174 -0.8469034457013962 -0.132407663457474 -0.01816702465377351
4 18.589638624555956 0.39384765601655836 0.02232859698903079 0.7193805460160537 0.9009441921213235 -0.8469034457013962 0.8182873448596939 -0.01915008550323858
4 25.515137876597308 0.4884313510454473 0.02048895534211409 0.40574051097140984 0.8603609096800973 -1.116709771227748 0.14788132163518064 0.012338909073214614
4 22.380986457343003 0.43344271769378917 0.022198513096091128 0.8909892792028848 0.5317638530759785 -1.357892789971273 1.2053932644874896 -0.0002522921776734327
4 15.072536706607034 0.26190289521171134 0.0220622597235759 0.4148986097190352 0.6093189874018017 -0.9892894237932752 -1.8938561212645455 -0.011174257434744313
4 11.275198282164592 0.1259033752438746 0.021820950113072377 0.5186570555767676 0.5194850065050154 -1.3268109097747465 -1.7275834888843202 -0.0118890714675666
4 11.129759132301555 0.1259033752438746 0.021820950113072377 0.5186570555767676 0.5194850065050154 -1.3268109097747465 -1.7275834888843202 -0.007575197405783805
4 12.343234925417251 0.28105968556915695 0.02232859698903079 0.7193805460160537 0.9009441921213235 -0.8469034457013962 0.8182873448596939 -0.01915008550323858
4 17.051555135566044 0.49416524453859445 0.022109609098426353 0.4935858424497153 0.9329115099944407 -0.9892894237932752 0.10050550887668042 -0.009670545720978634
4 13.134611608021126 0.4800883196976353 0.022190313901454074 0.5031035451917403 0.9258574267526305 -0.12669082457501202 -1.4568721370921671 -0.013562833257777381
4 14.872693428154909 0.375906233552332 0.022175403571156962 0.5186570555767676 0.6136847914699515 -1.3268109097747465 -0.5479177600545566 -0.011033121096823646
4 18.712634850465122 0.34012695191849274 0.0217707442760017 0.4952387410984337 0.6315304047970145 -0.9892894237932752 1.3955021476110168 -0.009670545720978634
4 11.937095587867258 0.31419057808199624 0.022611731648644547 0.48439345315007964 0.5097916447730451 -1.3411209680092373 -1.1122460031054842 0.005758886915563203
4 12.336567480774294 0.28105968556915695 0.02232859698903079 0.7193805460160537 0.9009441921213235 -0.8469034457013962 0.8182873448596939 -0.01816702465377351
5 12.149280102966364 0.26190289521171134 0.0220622597235759 0.4148986097190352 0.6093189874018017 -0.9892894237932752 -1.5260815688751028 -0.013543542875830573
5 22.32549761755969 0.4800883196976353 0.022190313901454074 0.5031035451917403 0.9258574267526305 -0.12669082457501202 -1.8067734673840523 -0.013562833257777381
5 7.643244138074329 0.1259033752438746 0.02175481454676881 0.5186570555767676 0.5405869422409367 -1.3268109097747465 -0.7427686229345098 -0.007575197405783805
5 10.986275810479391 0.1259033752438746 0.02178950751081944 0.5186570555767676 0.5208879820607722 -1.3268109097747465 -1.669699322567301 -0.0118890714675666
5 138.288641132873 0.13725117805243503 0.021820950113072377 0.7475019466284583 0.7877086657623775 -0.45306224209973944 -1.5682697875705378 -0.0118890714675666
5 45.33271805992546 0.42825393922542465 0.022428057674784032 0.49652820630977434 0.6464412122477363 -1.6818133411044913 -0.19296603519621192 -0.01816702465377351
5 7.701931846382417 0.1259033752438746 0.021723369647677286 0.5186570555767676 0.5404615825488653 -1.3268109097747465 -0.7361969519785583 -0.012303363985537531
5 11.155845150025472 0.1259033752438746 0.021820950113072377 0.5186570555767676 0.5210091674903637 -1.3268109097747465 -1.7275834888843202 -0.007112513547285487
5 28.891633901286884 0.44074627726817506 0.022450130562533664 0.4952387410984337 0.6844139966387995 -0.956729337402286 1.6609945527168253 -0.010922717793915947
5 9.612744066405948 0.31892275468926023 0.021749979724760195 0.8349690673617791 0.8498362741247021 -0.8794798255694882 -0.6496859608218692 -0.016534073398844377
5 10.489007540871185 0.2334385084031153 0.022140666951327728 0.5186570555767676 0.6136847914699515 -1.3268109097747465 -0.5479177600545566 -0.012101995789455382
5 11.394234945398923 0.27105232403753504 0.0218558431527387 0.5186570555767676 0.5194850065050154 -1.3268109097747465 -1.7275834888843202 -0.010818891752274452
5 6.195174506551895 0.4800883196976353 0.022190313901454074 0.4926694816236751 0.92647625660612 -0.30573346835014803 -0.7193314458746034 -0.010759910955275712
5 45.00385228225809 0.1259033752438746 0.021723369647677286 0.7012111066989597 0.541656394140584 -1.7563256033519499 -0.43617218327262064 -0.01463268945510432
5 9.055166185151938 0.28105968556915695 0.021887233246934267 0.7193805460160537 0.5008025731977939 -0.8216552790987739 0.8182873448596939 -0.01915008550323858
5 34.391546538110774 0.1259033752438746 0.022262664860643187 0.5186570555767676 0.9972250138626835 -1.3500896215654898 -1.7275834888843202 -0.007575197405783805
5 17.748614713109887 0.28105968556915695 0.02232859698903079 0.7120475997304754 0.9208073852618066 -0.4806266331845692 0.5781228967207959 -0.006424128551551847
5 22.155675389954443 0.495687563038553 0.022109609098426353 0.5399144883352243 0.7715017182487414 -0.6554654115235994 0.7487572705409504 -0.019313339618710075
5 7.955108888978274 0.4800883196976353 0.022190313901454074 0.6680894600541702 0.92647625660612 -0.7715616793225464 -0.41961299522227447 -0.013562833257777381
6 7.955108888978274 0.4800883196976353 0.022190313901454074 0.6680894600541702 0.92647625660612 -0.7715616793225464 -0.41961299522227447 -0.013562833257777381
6 7.643244138074329 0.1259033752438746 0.02175481454676881 0.5186570555767676 0.5405869422409367 -1.3268109097747465 -0.7427686229345098 -0.007575197405783805
6 22.32549761755969 0.4800883196976353 0.022190313901454074 0.5031035451917403 0.9258574267526305 -0.12669082457501202 -1.8067734673840523 -0.013562833257777381
6 7.707740729208177 0.1259033752438746 0.021723369647677286 0.5186570555767676 0.541656394140584 -1.3268109097747465 -0.7361969519785583 -0.0118890714675666
6 16.280987237674427 0.27952096449084074 0.022876837204399 0.5186570555767676 0.5405869422409367 -1.2950886268535813 0.7559996397070345 -0.008040550893999764
6 15.42948218390548 0.13787273338751277 0.02175257155701661 0.7193805460160537 0.5008025731977939 -0.8522818608647642 -0.6827217392975511 -0.01758464113165504
6 25.700003031614813 0.1259033752438746 0.0229752099719885 0.5186570555767676 0.9608486988822335 -1.3330946659898741 -1.406821733458209 -0.007575197405783805
6 10.931332224578444 0.1259033752438746 0.021069690833031365 0.5186570555767676 0.5549894623907776 -1.3438055521224117 -1.0364562271983417 -0.0118890714675666
6 17.659276540804022 0.44074627726817506 0.02166792230791538 0.5244372619560691 0.6844139966387995 -0.956729337402286 0.9158724672081724 -0.011994099187020981
6 8.838055889543 0.1259033752438746 0.022508203448070186 0.4896242355170374 0.5404615825488653 -1.3268109097747465 -0.04788649461146677 -0.011231381056527127
6 10.986275810479391 0.1259033752438746 0.02178950751081944 0.5186570555767676 0.5208879820607722 -1.3268109097747465 -1.669699322567301 -0.0118890714675666
6 8.68044708181346 0.19747729746295986 0.02178950751081944 0.5186570555767676 0.5208879820607722 -1.3268109097747465 -0.7295814299740178 -0.009561369077471345
6 14.420034659815496 0.4800883196976353 0.022544901456994913 0.6688140771985605 0.92647625660612 -0.7715616793225464 0.2681517966502094 -0.006939122191023892
6 7.638480279779985 0.28105968556915695 0.021974715182662037 0.7112951477524687 0.9208073852618066 -0.4806266331845692 -0.11012478004121329 -0.012959606699946112
6 17.649547203831755 0.31892275468926023 0.022214028753506997 0.8349690673617791 0.8498362741247021 -0.6300194888022694 -0.7660142973952444 -0.017906162312914226
6 6.690050182965001 0.4800883196976353 0.02172690307973755 0.4926694816236751 0.92647625660612 -0.30573346835014803 -0.6028948293266314 -0.010407867121311537
6 7.707740729208177 0.1259033752438746 0.021723369647677286 0.5186570555767676 0.541656394140584 -1.3268109097747465 -0.7361969519785583 -0.0118890714675666
6 7.701931846382417 0.1259033752438746 0.021723369647677286 0.5186570555767676 0.5404615825488653 -1.3268109097747465 -0.7361969519785583 -0.012303363985537531
6 7.701931846382417 0.1259033752438746 0.021723369647677286 0.5186570555767676 0.5404615825488653 -1.3268109097747465 -0.7361969519785583 -0.012303363985537531
7 7.643244138074329 0.1259033752438746 0.02175481454676881 0.5186570555767676 0.5405869422409367 -1.3268109097747465 -0.7427686229345098 -0.007575197405783805
7 6.195720486386088 0.4800883196976353 0.022190313901454074 0.4926694816236751 0.92647625660612 -0.30573346835014803 -0.7193314458746034 -0.01297877130061807
7 19.08480595258923 0.4800883196976353 0.022190313901454074 0.4926694816236751 0.92647625660612 -0.9442812689728934 0.46489094341913706 -0.010759910955275712
7 7.245535803331606 0.4800883196976353 0.022544901456994913 0.6688140771985605 0.92647625660612 -0.1975898767482709 -0.9019786404126482 -0.006939122191023892
7 6.139180303451646 0.49279067954677624 0.02215421579739012 0.7153043166544912 0.5008025731977939 -0.6432896344394059 -0.6827217392975511 -0.01758464113165504
7 92.08882160562013 0.11029181299592493 0.021788995350911427 0.5013907293232301 0.92647625660612 -0.5178429669189213 -0.7193314458746034 -0.010759910955275712
7 7.643244138074329 0.1259033752438746 0.02175481454676881 0.5186570555767676 0.5405869422409367 -1.3268109097747465 -0.7427686229345098 -0.007575197405783805
7 7.638480279779985 0.28105968556915695 0.021974715182662037 0.7112951477524687 0.9208073852618066 -0.4806266331845692 -0.11012478004121329 -0.012959606699946112
7 9.019162309013863 0.12336941714187999 0.022348331922704866 0.5108341676652406 0.5549894623907776 -1.3438055521224117 -1.0364562271983417 -0.0118890714675666
7 8.851009656433074 0.4791131330070789 0.02094664284004965 0.5005105569992466 0.92647625660612 -0.30573346835014803 -0.7193314458746034 -0.010759910955275712
7 8.615431288159751 0.1259033752438746 0.021497325135159895 0.5186570555767676 0.5443250387059357 -1.3438055521224117 -0.7339435255874132 -0.012288114218271393
7 9.558171063348095 0.1259033752438746 0.021296920064341123 0.5186570555767676 0.5511456519434592 -1.3268109097747465 -1.0380877597775195 -0.011904290272240797
7 6.434673300116234 0.4666114057354458 0.02172690307973755 0.4923726880814434 0.92647625660612 -0.30573346835014803 -0.7276259178784876 -0.010407867121311537
7 7.490613436349078 0.19015688385687032 0.02178950751081944 0.5190054855543825 0.5208879820607722 -1.0175202629185198 -0.6048243645682752 -0.009561369077471345
7 7.577734584949068 0.1259033752438746 0.021723369647677286 0.4845374590375163 0.5404615825488653 -1.3268109097747465 -0.49334290366226363 -0.012303363985537531
7 8.161122345386 0.1259033752438746 0.022508203448070186 0.5239851520479275 0.5404615825488653 -1.3268109097747465 -0.2900917990783902 -0.011231381056527127
7 86.31106350271769 0.1259033752438746 0.021688454964588003 0.5186570555767676 0.9388448101414408 -0.7855472064982945 -1.1822892635568532 -0.0118890714675666
7 7.419764186149964 0.28105968556915695 0.022009906705549476 0.7112951477524687 0.5386815070535962 -1.0241981675452347 0.3882523610281483 -0.007217336989732844
7 15.42948218390548 0.13787273338751277 0.02175257155701661 0.7193805460160537 0.5008025731977939 -0.8522818608647642 -0.6827217392975511 -0.01758464113165504
8 7.645345433312048 0.1259033752438746 0.02175481454676881 0.5903156608642631 0.5405869422409367 -1.3268109097747465 -0.7427686229345098 -0.007575197405783805
8 6.139180303451646 0.49279067954677624 0.02215421579739012 0.7153043166544912 0.5008025731977939 -0.6432896344394059 -0.6827217392975511 -0.01758464113165504
8 6.195720486386088 0.4800883196976353 0.022190313901454074 0.4926694816236751 0.92647625660612 -0.30573346835014803 -0.7193314458746034 -0.01297877130061807
8 6.139180303451646 0.49279067954677624 0.02215421579739012 0.7153043166544912 0.5008025731977939 -0.6432896344394059 -0.6827217392975511 -0.01758464113165504
8 22.64484919146532 0.28105968556915695 0.024510800763934207 0.7112951477524687 0.9251180961859806 -0.5084637977638662 -0.11012478004121329 -0.012959606699946112
8 6.481627299239926 0.4666114057354458 0.02172690307973755 0.4923726880814434 0.922165053401007 -0.28108262940818207 -0.7276259178784876 -0.010407867121311537
8 6.195720486386088 0.4800883196976353 0.022190313901454074 0.4926694816236751 0.92647625660612 -0.30573346835014803 -0.7193314458746034 -0.01297877130061807
8 6.139180303451646 0.49279067954677624 0.02215421579739012 0.7153043166544912 0.5008025731977939 -0.6432896344394059 -0.6827217392975511 -0.01758464113165504
8 7.577734584949068 0.1259033752438746 0.021723369647677286 0.4845374590375163 0.5404615825488653 -1.3268109097747465 -0.49334290366226363 -0.012303363985537531
8 7.577734584949068 0.1259033752438746 0.021723369647677286 0.4845374590375163 0.5404615825488653 -1.3268109097747465 -0.49334290366226363 -0.012303363985537531
8 15.024444780836689 0.21875349577410497 0.02175257155701661 0.7193682623426072 0.5008025731977939 -0.29461759421575184 -0.6827217392975511 -0.01758464113165504
8 10.989224617356415 0.40252319390875846 0.02215421579739012 0.7153165581602167 0.5008025731977939 -1.2649821445391933 -0.6827217392975511 -0.01758464113165504
8 6.429971199853082 0.4666114057354458 0.021716130820332444 0.4923726880814434 0.866218877667306 -0.35195385311456384 -0.7276259178784876 -0.010407867121311537
8 8.992988456208757 0.1259033752438746 0.021377380024944735 0.4136340131487761 0.6108085809396596 -1.3263335275521986 -0.7339435255874132 -0.012288114218271393
8 15.493916850518797 0.4800883196976353 0.021757043300374115 0.6688140771985605 0.92647625660612 -1.0663753168973429 -1.0630895148938362 -0.007130858790145715
8 26.991199504291632 0.1259033752438746 0.02254412382009049 0.5186570555767676 0.5405869422409367 -0.48846174421004296 -0.5776233048721553 -0.00738344543493108
8 8.161122345386 0.1259033752438746 0.022508203448070186 0.5239851520479275 0.5404615825488653 -1.3268109097747465 -0.2900917990783902 -0.011231381056527127
8 6.434673300116234 0.4666114057354458 0.02172690307973755 0.4923726880814434 0.92647625660612 -0.30573346835014803 -0.7276259178784876 -0.010407867121311537
8 8.512866167400553 0.4800883196976353 0.022544901456994913 0.6688140771985605 0.92647625660612 -0.1975898767482709 -1.109635364735673 -0.006939122191023892
9 6.151835675312861 0.4809528157963322 0.02215421579739012 0.6795927710103716 0.7650175024187923 -0.3636588999922217 -0.6827217392975511 0.0048614919315542356
9 8.281271499343982 0.4916169069066727 0.021853090699474963 0.7045063431991976 0.6707768084431704 -0.01472983068161482 -1.109635364735673 -0.006939122191023892
9 6.683125410622194 0.49279067954677624 0.022510718268061742 0.48290862668516893 0.5008025731977939 -0.6432896344394059 -0.6827217392975511 -0.01212485017649787
9 8.351874259641262 0.1259033752438746 0.021380261377638165 0.7244762713993875 0.5404615825488653 -1.3268109097747465 -0.49334290366226363 -0.01754780739713978
9 6.786943434199848 0.48515540419424064 0.02147800955603082 0.7153043166544912 0.5008025731977939 -0.6766963729952691 -0.6827217392975511 -0.012849439288451128
9 6.590965825698734 0.47357432454945025 0.022410333552213463 0.4923726880814434 0.92647625660612 -0.28239045178787525 -0.7276259178784876 -0.015038521316894512
9 6.140797600515691 0.49279067954677624 0.02215421579739012 0.773093922732693 0.5008025731977939 -0.6432896344394059 -0.6842796853124564 -0.016507611692050655
9 9.378472275702258 0.1259033752438746 0.022830072962347406 0.4172799038127578 0.6108085809396596 -1.3263335275521986 -0.7323837530899984 0.009730975107919176
9 7.587835447786774 0.1207794624919842 0.021723369647677286 0.4845374590375163 0.5404615825488653 -1.3268109097747465 -0.7119976083630286 -0.012333063224101489
9 6.798269253331121 0.4761916556335657 0.021716130820332444 0.4923726880814434 0.866218877667306 -0.35195385311456384 -0.5088415703621625 -0.010375075163066344
9 6.139180303451646 0.49279067954677624 0.02215421579739012 0.7153043166544912 0.5008025731977939 -0.6432896344394059 -0.6827217392975511 -0.01758464113165504
9 6.136275604921249 0.49279067954677624 0.02215421579739012 0.7153043166544912 0.5008025731977939 -0.6432896344394059 -0.6827217392975511 -0.018540569660651613
9 6.193298573681052 0.4800883196976353 0.022190313901454074 0.4926694816236751 0.92647625660612 -0.30573346835014803 -0.7275412838286632 -0.01297877130061807
9 6.419289761103783 0.4666114057354458 0.02172690307973755 0.4923726880814434 0.92647625660612 -0.30573346835014803 -0.7194160715592486 -0.010407867121311537
9 6.195720486386088 0.4800883196976353 0.022190313901454074 0.4926694816236751 0.92647625660612 -0.30573346835014803 -0.7193314458746034 -0.01297877130061807
9 6.429971199853082 0.4666114057354458 0.021716130820332444 0.4923726880814434 0.866218877667306 -0.35195385311456384 -0.7276259178784876 -0.010407867121311537
9 6.233691436078844 0.4666114057354458 0.02172690307973755 0.4923726880814434 0.5881337107350084 -0.5233167454717143 -0.7627133047536203 -0.010407867121311537
9 6.0436822437467415 0.49279067954677624 0.02215421579739012 0.7153043166544912 0.8640792407849598 -0.4271299865329452 -0.6475938411801951 -0.01758464113165504
9 6.139180303451646 0.49279067954677624 0.02215421579739012 0.7153043166544912 0.5008025731977939 -0.6432896344394059 -0.6827217392975511 -0.01758464113165504
10 6.143717857295276 0.4666114057354458 0.022154809394921086 0.4923726880814434 0.6726529597522846 -0.5233167454717143 -0.7627133047536203 -0.010407867121311537
10 12.912567035116448 0.4800883196976353 0.021762810947070825 0.4926694816236751 0.8404970093728281 -0.30573346835014803 -0.1741011460472497 -0.01297877130061807
10 6.13709995927689 0.49279067954677624 0.02215421579739012 0.7250293809712777 0.5008025731977939 -0.6432896344394059 -0.6842796853124564 -0.017730345231424152
10 6.142939127991441 0.49279067954677624 0.02215421579739012 0.7632368766882394 0.5008025731977939 -0.6432896344394059 -0.6827217392975511 -0.01634873396548125
10 6.195720486386088 0.4800883196976353 0.022190313901454074 0.4926694816236751 0.92647625660612 -0.30573346835014803 -0.7193314458746034 -0.01297877130061807
10 6.151835675312861 0.4809528157963322 0.02215421579739012 0.6795927710103716 0.7650175024187923 -0.3636588999922217 -0.6827217392975511 0.0048614919315542356
10 6.139180303451646 0.49279067954677624 0.02215421579739012 0.7153043166544912 0.5008025731977939 -0.6432896344394059 -0.6827217392975511 -0.01758464113165504
10 6.139180303451646 0.49279067954677624 0.02215421579739012 0.7153043166544912 0.5008025731977939 -0.6432896344394059 -0.6827217392975511 -0.01758464113165504
10 92.12668319851724 0.49279067954677624 0.02215421579739012 0.839147705502619 0.9409924831642413 -0.6432896344394059 1.7868514926095065 -0.01758464113165504
10 6.193298573681052 0.4800883196976353 0.022190313901454074 0.4926694816236751 0.92647625660612 -0.30573346835014803 -0.7275412838286632 -0.01297877130061807
10 6.139180303451646 0.49279067954677624 0.02215421579739012 0.7153043166544912 0.5008025731977939 -0.6432896344394059 -0.6827217392975511 -0.01758464113165504
10 6.193298573681052 0.4800883196976353 0.022190313901454074 0.4926694816236751 0.92647625660612 -0.30573346835014803 -0.7275412838286632 -0.01297877130061807
10 6.88695492492662 0.47357432454945025 0.022410333552213463 0.4923726880814434 0.92647625660612 -0.23439168632763652 -0.7276259178784876 -0.015038521316894512
10 6.465818027009804 0.4666114057354458 0.021716130820332444 0.4923726880814434 0.866218877667306 -0.4025655799975558 -0.7276259178784876 -0.010407867121311537
10 7.271912987527107 0.49279067954677624 0.02215421579739012 0.7153043166544912 0.5232937692425742 -0.23516443435857615 -0.6827217392975511 -0.014681327737999184
10 9.396845421836693 0.4809528157963322 0.02215421579739012 0.6795927710103716 0.7877938843246595 -0.808527545316692 -0.06349549052637826 0.0033938014295866736
10 6.194678292633598 0.4800883196976353 0.022190313901454074 0.4926694816236751 0.92647625660612 -0.30573346835014803 -0.7218675612371181 -0.01297877130061807
10 6.193753065627539 0.4800883196976353 0.022190313901454074 0.4926694816236751 0.92647625660612 -0.30573346835014803 -0.7250051653017613 -0.01297877130061807
10 6.042824075913273 0.49413527970794624 0.02215421579739012 0.7153043166544912 0.5008025731977939 -0.6432896344394059 -0.8193839644885044 -0.01758464113165504
