2.3303687365049197e-133 299.45237024853435 0.3614413 0.0200282 0.49387722 0.99486555 -0.13333249 1.20651302 0.01526501 -5.999887373795271 -0.04256587965280136
4.941533724457594e-109 243.43342941830647 0.27757737 0.02143144 0.71100025 0.80944084 -0.26991949 1.67599238 -0.00189917 -290.0778852726294 -9.374484975904988
2.3429471569875174e-73 161.2813828624843 0.1077907 0.02464549 0.82929568 0.91583276 -1.83044271 0.73746792 0.01554242 -242.61490844100595 -0.8185209773005259
2.2547769388464214e-63 138.288641132873 0.13725118 0.02182095 0.74750195 0.78770867 -0.45306224 -1.56826979 -0.01188907 -144.99307019689977 -16.28831266558454
4.478630719643162e-47 100.75576398179723 0.28105969 0.0223286 0.55628789 0.900246 -0.24058597 0.81828734 -0.01915009 -138.1950190688704 -0.0936220640025998
9.042406828087466e-47 100.72655683937458 0.34516638 0.0218509 0.50475352 0.63348891 -0.12669082 0.98159221 0.00458246 -100.53073538624224 -0.22502859555498336
2.478722157746562e-43 92.12668319851724 0.49279068 0.02215422 0.83914771 0.94099248 -0.64328963 1.78685149 -0.01758464 -100.65899262711386 -0.06756421226071405
5.0257105867745426e-43 92.08882160562013 0.11029181 0.021789 0.50139073 0.92647626 -0.51784297 -0.71933145 -0.01075991 -92.08411731886444 -0.04256587965280136
2.581782258581583e-42 89.87654384513571 0.47082651 0.02414933 0.63975423 0.99077347 -1.61473382 -1.97730024 -0.01605772 -91.96272721077008 -0.12609439485003646
7.123921361459879e-41 86.48290005406538 0.40552959 0.02065729 0.50069928 0.75984457 -0.52271707 1.6767383 -0.01024181 -79.16279060651898 -10.713753238616729
1.499814445310468e-40 86.31106350271769 0.12590338 0.02168845 0.51865706 0.93884481 -0.78554721 -1.18228926 -0.01188907 -82.09496436086923 -4.3879356931961535
1.1728342977072865e-39 83.70978839256463 0.3738457 0.02421426 0.78799996 0.61452404 -1.93579951 -0.73818781 -0.00929036 -86.05132316598247 -0.25974033673521624
5.302966535380783e-39 82.35331961859917 0.43734237 0.02362288 0.52982464 0.98964188 -1.46912631 1.70876889 0.0075827 -72.33272034824262 -11.37706804432201
6.789973543092097e-38 79.6328937673965 0.16882676 0.02049935 0.76310779 0.53868685 -0.32713774 1.37994942 -0.01720868 -76.28239133992365 -6.0709282786755265
9.253641896804384e-37 77.02266017481737 0.1094149 0.0243039 0.40574051 0.54917042 -0.63657926 -1.81748229 -0.00571479 -74.168832541142 -5.464061226254495
1.7149593995904754e-36 77.02266017481737 0.1094149 0.0243039 0.40574051 0.54917042 -0.63657926 -1.81748229 -0.00571479 -64.6970637444395 -12.325596430377866
5.577298510151376e-34 70.54130890538896 0.36329667 0.02265472 0.46991104 0.99536777 -0.38113909 -1.97400496 0.00776874 -64.6970637444395 -12.325596430377866
8.653796782276984e-31 63.188120406792876 0.20334199 0.02381255 0.65945669 0.91910555 -0.93769599 -1.99771242 -0.00703376 -69.5893500952375 -0.9519588101514566
5.3381079851430504e-30 61.53850965380477 0.24593287 0.0218509 0.50475352 0.63348891 -0.12669082 0.59214154 0.00436524 -55.595375028099284 -7.592745378693593
3.028448420047182e-29 59.780853240807545 0.19115931 0.02144694 0.43989599 0.61639544 -1.79799714 -0.88810559 0.00542738 -61.47094544154406 -0.06756421226071405
2.5214951299851757e-27 55.20478036600142 0.25561471 0.0238208 0.40194184 0.91253361 -1.51399413 0.44404877 -0.01518062 -59.004865593875124 -0.7759876469324177
5.4442014298041735e-27 55.02845527019201 0.40866101 0.02452322 0.73697264 0.88494921 -1.03698751 1.73534788 0.00678451 -47.54204692368468 -7.662733442316742
1.1150508750965548e-26 54.00420272798813 0.23978179 0.02477742 0.58822582 0.94121716 -0.87637234 -1.29203737 -0.0193039 -40.22200754933141 -14.806447720860604
1.816803965935546e-26 53.800411854344844 0.42667315 0.02486617 0.54155578 0.85776288 -0.84699327 1.4280961 -0.01269002 -36.037852490947984 -17.96635023704015
2.3980826700920418e-26 53.457424948427224 0.48843135 0.0243039 0.40574051 0.86036091 -0.17604809 0.14788132 -0.01815934 -34.65896652007153 -19.141445334273318
3.1620996569921875e-25 50.38186655535446 0.3095066 0.02255436 0.86455888 0.73586088 -1.66096436 0.16464833 0.01872 -41.13182851804936 -12.325596430377866
6.841152999390249e-25 50.1387074746526 0.18715478 0.02326989 0.60073344 0.57175247 -1.61065617 1.8343674 -0.00996949 -49.707159474948966 -0.6747070804054947
1.2878683131785785e-24 49.27312530030499 0.29762524 0.02038609 0.45950095 0.53072842 -1.71059966 1.35632805 -0.01222959 -46.44725505841621 -3.6914524162363884
1.0271099529716244e-23 46.93218947126438 0.35995378 0.02272471 0.43634205 0.79463284 -0.38113909 -1.97400496 0.00624531 -42.96485115206709 -6.308274148237897
5.545998646954752e-23 45.33271805992546 0.42825394 0.02242806 0.49652821 0.64644121 -1.68181334 -0.19296604 -0.01816702 -45.75871942432282 -1.1734700469415629
1.0966843179629391e-22 45.00385228225809 0.12590338 0.02172337 0.70121111 0.54165639 -1.7563256 -0.43617218 -0.01463269 -44.9392609097597 -0.3934571501657601
1.6867669555849995e-22 44.49764621789971 0.1077907 0.02464549 0.53694208 0.91583276 -0.44758177 0.83820079 0.01580492 -44.79593742895209 -0.2079148533059976
3.9066505852457156e-20 38.57830484971933 0.17750023 0.02057203 0.70069465 0.90325202 -1.49250186 -0.66887515 -0.01690943 -28.209333552315165 -16.28831266558454
7.764261830419847e-20 38.57503442260935 0.3983226 0.02390447 0.72616335 0.62698527 -1.45136697 1.19507521 0.01811925 -33.624110155359126 -4.954194694360202
9.322419510720607e-20 38.23139904296119 0.30023445 0.02089326 0.85631392 0.93525928 -1.40311042 0.55579798 0.00435881 -30.18364313006824 -8.391391292541105
2.7612598065397886e-19 36.82305377237716 0.37101946 0.02191795 0.76674089 0.85118266 -1.29116681 1.31331584 0.00773843 -35.231530485033126 -2.9998685579280666
7.027637271758358e-19 36.04182761037247 0.28229778 0.02012505 0.82923474 0.61160537 -1.47297 1.04055398 0.01500151 -36.7984454801406 -0.024608292236560466
2.9771531314434854e-18 34.391546538110774 0.12590338 0.02226266 0.51865706 0.99722501 -1.35008962 -1.72758349 -0.0075752 -27.556900409469023 -8.484927200903451
1.6473350191941497e-17 32.66337806498676 2.92778232e-01 2.12127512e-02 5.81845791e-01 7.92508156e-01 -1.47187996e+00 -1.60016095e+00 -4.50019100e-04 -34.2524013713079 -0.1391451668028746
3.7009800666975007e-17 32.15680321163185 0.35577072 0.02012505 0.53687546 0.61160537 -0.13333249 -1.61522122 0.01526501 -31.12356084461142 -1.539817220375338
4.809372668536507e-17 32.067456367806116 0.17443822 0.02027454 0.47571604 0.73843939 -1.46907579 -1.39381842 -0.00911637 -23.6718760107284 -8.484927200903451
1.5427257505715699e-16 30.42387833261086 0.38661666 0.02402624 0.86697583 0.96300533 -0.66306964 -1.36702539 0.01241671 -24.868412327087157 -7.19904404071896
2.605830062853988e-16 30.398016562557068 0.4147147 0.02392914 0.72766505 0.6806831 -1.26701102 0.77515734 -0.00374608 -20.91303299922952 -9.510845333381338
2.988423415188218e-16 30.154064438237803 0.28229778 0.02000785 0.82923474 0.61160537 -1.47297 -1.68295892 0.01500151 -21.78550837032681 -8.612508192230258
3.333597204790505e-16 30.154064438237803 0.28229778 0.02000785 0.82923474 0.61160537 -1.47297 -1.68295892 0.01500151 -20.58711898468349 -9.566945453554313
4.795952206228576e-16 29.51617235676364 3.04146318e-01 2.24206488e-02 6.37246409e-01 7.38800546e-01 -7.62618917e-01 -1.92286422e+00 1.88954836e-03 -20.58711898468349 -9.566945453554313
6.966167154221783e-16 29.30777088782166 4.59490219e-01 2.31034230e-02 6.15141798e-01 5.31763853e-01 -1.29591429e+00 1.99982657e+00 1.16457380e-03 -29.13687297289021 -0.37929938387343054
8.665845904188772e-16 29.07204618558694 0.28229778 0.02012505 0.82923474 0.61160537 -1.47297 -1.68295892 0.01500151 -26.53412841799576 -2.7736424698259032
9.966362356231804e-16 29.004887802444625 0.39254298 0.0248443 0.55338578 0.70929756 -1.13052884 -0.36009949 -0.01590034 -20.58711898468349 -8.484927200903451
1.0315966522201645e-15 28.991510492633772 0.37553007 0.02012505 0.51466525 0.61160537 -0.52705757 -1.84851584 -0.01513341 -10.156455880234383 -18.848431922210242
1.0873128468947169e-15 28.891633901286884 0.44074628 0.02245013 0.49523874 0.684414 -0.95672934 1.66099455 -0.01092272 -20.50658329173032 -8.484927200903451
1.4923865156200512e-15 28.404041619302006 0.13477553 0.02210961 0.41489861 0.60931899 -0.98928942 -1.89385612 -0.01204649 -28.454459277408045 -0.43717462387884026
1.839501923970602e-15 28.404041619302006 0.13477553 0.02210961 0.41489861 0.60931899 -0.98928942 -1.89385612 -0.01204649 -28.385067634139475 -0.01897398516253194
1.8640995803340784e-15 28.36731353407778 0.4976647 0.022106 0.78920784 0.52160458 -0.69887093 1.73286669 -0.00692543 -28.385067634139475 -0.01897398516253194
2.645695462072598e-15 27.778379860372613 0.48843135 0.0243039 0.40561715 0.87127106 -0.97946194 0.14788132 -0.01815934 -28.34983583886711 -0.017477695210669733
3.3891215514867755e-15 27.7760567581651 0.13477553 0.02210961 0.49358584 0.60931899 -0.98928942 -1.89385612 -0.00607199 -15.452783429994748 -12.325596430377866
3.3963556475159222e-15 27.76365379766028 4.59490219e-01 2.12986574e-02 6.15141798e-01 5.31763853e-01 -1.29591429e+00 1.99982657e+00 1.16457380e-03 -27.75708277300257 -0.01897398516253194
3.558297679631434e-15 27.67435401455821 0.2734018 0.02422442 0.64983345 0.7639048 -1.15509087 -1.85330262 -0.01352589 -26.53412841799576 -1.22952537966452
3.949453222168887e-15 27.546646858954727 0.19086552 0.02247208 0.65351059 0.65309971 -1.55122812 -0.15270706 0.0058492 -16.191708768215634 -11.48264524634258
4.333555759200591e-15 27.47542611773676 0.26960975 0.02465513 0.66101195 0.89246375 -0.19106815 -0.19034532 0.00954329 -27.063717933445208 -0.4829289255095178
5.473786291503788e-15 27.102318315741012 0.32382754 0.0221598 0.42100554 0.81329474 -0.62699418 1.1346174 0.01972724 -11.067321955792776 -16.40810416194398
6.828301621569732e-15 26.991199504291632 0.12590338 0.02254412 0.51865706 0.54058694 -0.48846174 -0.5776233 -0.00738345 -27.056135450267025 -0.04618286547398758
8.14831317786862e-15 26.749797880370487 0.2900794 0.02102406 0.49548492 0.53877683 -0.437298 -1.44965043 -0.00877909 -26.34208376991959 -0.6491157343720422
9.11120362699387e-15 26.742791834729815 0.35613669 0.02177347 0.54155578 0.64038485 -1.32681091 1.40782249 0.01755886 -24.406004583054095 -2.3437932973163913
9.277651712110027e-15 26.70346621375347 0.21249318 0.02485729 0.51752696 0.63261985 -1.09568261 0.45652383 0.01475405 -26.599173468381764 -0.14361836634805158
1.1596025565166902e-14 26.321965740996898 0.17444194 0.02291782 0.5389762 0.68920958 -0.51931511 1.06415457 0.01083602 -7.681195608569255 -19.022270605184215
1.3774563679242752e-14 26.31250025511393 0.21323651 0.02247656 0.48622296 0.69264472 -1.48864156 -1.50689011 -0.01223156 -24.41723114294965 -1.9047345980472499
1.6151492892102567e-14 26.015098028900418 3.70318199e-01 2.07108343e-02 6.29311954e-01 7.14721022e-01 -1.40051922e+00 -5.11761016e-01 8.39252975e-04 -25.819955950851817 -0.4925443042621141
2.069434073428365e-14 25.796227244141107 0.49132611 0.0237415 0.42212422 0.91346904 -0.47527403 -1.9827151 0.00217726 -21.96520487903223 -4.049893149868189
2.3321002167212967e-14 25.75410249778809 0.37590623 0.02120693 0.54716333 0.84861413 -1.32681091 -1.62901663 -0.01103312 -18.793518691048643 -7.002708553092466
2.434584234968935e-14 25.700003031614813 0.12590338 0.02297521 0.51865706 0.9608487 -1.33309467 -1.40682173 -0.0075752 -24.192012337189542 -1.5620901605985482
2.7398658883566078e-14 25.515137876597308 0.48843135 0.02048896 0.40574051 0.86036091 -1.11670977 0.14788132 0.01233891 -23.543986749511156 -2.1560162821036584
2.976732949585595e-14 25.515137876597308 0.48843135 0.02048896 0.40574051 0.86036091 -1.11670977 0.14788132 0.01233891 -19.97615454852314 -5.538983328074165
3.343550556957157e-14 25.285392194922384 0.17003013 0.02073 0.69094351 0.82682522 -1.30803897 -1.80690715 0.00279625 -19.97615454852314 -5.538983328074165
4.3009726921282767e-14 25.007149155412193 0.14337618 0.02361957 0.66699961 0.86695621 -1.36521097 0.45831273 0.01050191 -21.353214699700075 -3.93217749522231
5.914749727541657e-14 24.650089797763112 0.32365485 0.02014734 0.47719109 0.97763717 -0.72248068 0.78718472 -0.01828501 -18.96128701466075 -6.045862140751443
9.47057746848148e-14 24.0985644386161 0.48843135 0.0243039 0.40574051 0.86036091 -0.63657926 0.14788132 -0.01815934 -16.363536454028043 -8.286553343735068
1.1955041018996898e-13 24.0985644386161 0.48843135 0.0243039 0.40574051 0.86036091 -0.63657926 0.14788132 -0.01815934 -11.772968008238237 -12.325596430377866
1.8496429782970454e-13 23.351583918757072 0.48843135 0.02457356 0.40792521 0.65210023 -0.63657926 -0.09995298 -0.00932699 -11.772968008238237 -12.325596430377866
2.9900995734631585e-13 23.018653636106603 0.36278411 0.02316976 0.63893795 0.53460626 -1.47904052 -1.86181961 -0.01486434 -7.943619380097108 -15.407964538659964
3.490983316923998e-13 23.003803218621 0.35577072 0.02012505 0.53751466 0.61160537 -0.52705757 0.70679795 0.01568718 -19.89497347360674 -3.1236801624998614
3.889508133636167e-13 22.802059228331515 0.28105969 0.02414702 0.71938055 0.90094419 -0.84690345 0.81828734 -0.01816702 -14.518876017717552 -8.484927200903451
4.62056774742184e-13 22.64484919146532 0.28105969 0.0245108 0.71129515 0.9251181 -0.5084638 -0.11012478 -0.01295961 -12.11153888521931 -10.690520343112205
5.70530378173357e-13 22.380986457343003 4.33442718e-01 2.21985131e-02 8.90989279e-01 5.31763853e-01 -1.35789279e+00 1.20539326e+00 -2.52292178e-04 -7.9849048492743435 -14.659944342190975
6.4198864401603e-13 22.380986457343003 4.33442718e-01 2.21985131e-02 8.90989279e-01 5.31763853e-01 -1.35789279e+00 1.20539326e+00 -2.52292178e-04 -22.305686538921357 -0.0752999184216439
6.568466003016727e-13 22.32549761755969 0.48008832 0.02219031 0.50310355 0.92585743 -0.12669082 -1.80677347 -0.01356283 -22.305686538921357 -0.0752999184216439
6.715313780027028e-13 22.32549761755969 0.48008832 0.02219031 0.50310355 0.92585743 -0.12669082 -1.80677347 -0.01356283 -22.256955970516902 -0.06854164704278747
6.755553638838415e-13 22.303174739317374 0.4331186 0.0206187 0.77995003 0.9246039 -1.18210258 -0.98774743 0.01794112 -22.256955970516902 -0.06854164704278747
6.85601856640787e-13 22.285429133384156 0.42185379 0.02371978 0.44214122 0.68695731 -1.25812647 -0.39642941 0.00199301 -17.66316002067719 -4.640014718640185
7.357284235634972e-13 22.155675389954443 0.49568756 0.02210961 0.53991449 0.77150172 -0.65546541 0.74875727 -0.01931334 -15.458304609014377 -6.82712452436978
8.154206594622432e-13 22.067003273358644 0.30045529 0.02389971 0.58210449 0.78031088 -0.73771501 -0.79171617 0.01269851 -22.13670140479191 -0.01897398516253194
8.981541279790217e-13 21.953174038851596 0.46368679 0.024512 0.54865004 0.53387005 -0.14144212 -1.14439235 0.01526913 -13.718003009162297 -8.349000264196349
1.0709480439983845e-12 21.715446721395182 0.47985928 0.02352086 0.63671298 0.60066859 -1.26803964 -0.22609964 -0.01313195 -7.279135436689961 -14.674038602161636
1.1925189181920732e-12 21.71353375846948 0.37687799 0.02208628 0.51550915 0.75132941 -1.38164841 -0.78381939 0.0139473 -16.392715116317028 -5.322731605078153
1.3303645955406267e-12 21.497790435318425 0.28253145 0.02407067 0.56008025 0.85549994 -1.18748553 0.2531619 -0.01284411 -21.703153546199275 -0.010380212270206761
1.75197277185275e-12 21.16792308868704 0.15900518 0.02228982 0.53582226 0.58125528 -0.56161891 -0.45657297 -0.01475104 -11.56099000006744 -9.936800435250985
2.0833484976395956e-12 21.114457603519732 0.48843135 0.0243039 0.40574051 0.86036091 -0.63657926 -0.09995298 -0.00932699 -20.995899039587567 -0.17202404909947494
2.5411547942009177e-12 20.786237559051315 0.16951624 0.02385074 0.42516819 0.51116727 -0.90963333 -1.01669062 0.00736459 -8.788861173141864 -12.325596430377866
3.7823010013706705e-12 20.33270674124509 0.30114109 0.02096913 0.54061748 0.73035097 -0.86564385 1.24687111 -0.00138133 -12.866563257864051 -7.919674301187265
4.938884778650451e-12 20.19581804030323 0.19453265 0.02303948 0.61684721 0.94700019 -1.3281685 -1.13069431 0.01028377 -17.723219041132165 -2.6094877001129264
6.905902028582631e-12 19.70635770712812 0.20911844 0.02307624 0.67062658 0.84975096 -0.81853872 -0.38871604 -0.0136658 -17.739907013253497 -2.455911027049735
1.0559677363246837e-11 19.314774278751866 0.19821486 0.02372863 0.46810714 0.77047125 -1.29088413 -1.28360654 0.01973152 -17.070154813747 -2.63620289338112
1.306769561284474e-11 19.233228079650786 0.26659809 0.02203957 0.52842977 0.95619218 -1.19208862 -1.65134313 0.01720814 -12.416378576763954 -6.898395701987912
1.429548467212542e-11 19.125891430588872 0.24382939 0.02238377 0.72132303 0.50765117 -1.54221014 -0.88209872 0.01613349 -19.232323399957963 -0.0009046796928219867
1.5297309623846098e-11 19.08480595258923 0.48008832 0.02219031 0.49266948 0.92647626 -0.94428127 0.46489094 -0.01075991 -18.813207424636957 -0.31268400595191675
1.8010259178098835e-11 18.80759224470146 0.23117456 0.02111484 0.74113244 0.97197746 -0.94096984 -0.6933403 -0.00227638 -19.016264305546443 -0.06854164704278747
2.139867718859661e-11 18.712634850465122 0.34012695 0.02177074 0.49523874 0.6315304 -0.98928942 1.39550215 -0.00967055 -16.87157245358345 -1.9360197911180117
2.2296545532264767e-11 18.712634850465122 0.34012695 0.02177074 0.49523874 0.6315304 -0.98928942 1.39550215 -0.00967055 -18.565828574600477 -0.14680627586464556
2.3033655434018365e-11 18.638461893370554 0.39298108 0.02101708 0.58058739 0.62926682 -1.2813258 0.31061245 0.01512332 -18.565828574600477 -0.14680627586464556
2.4356909614709727e-11 18.589638624555956 0.39384766 0.0223286 0.71938055 0.90094419 -0.84690345 0.81828734 -0.01915009 -16.26169797567485 -2.3767639176957056
3.001861607336426e-11 18.239804267473964 0.49644046 0.02421228 0.63615959 0.73067751 -0.35823908 -1.11805048 -0.01687347 -18.36461002900097 -0.22502859555498336
3.5871584827209885e-11 18.19299097641266 0.38325583 0.0222388 0.78204497 0.54144616 -1.0063047 1.5249082 -0.00465891 -6.883261229762203 -11.35654303771176
3.771440814722222e-11 18.1295696768554 0.35435859 0.02082844 0.53466209 0.61082929 -0.52705757 0.70679795 -0.00919224 -18.079873449216027 -0.1131175271966315
4.133340797012751e-11 18.002277214140385 0.48008832 0.02219031 0.50310355 0.92585743 -0.12669082 -0.419613 -0.01356283 -14.7746373193347 -3.3549323575206995
4.560558500105471e-11 17.91999668932344 0.30137183 0.02357712 0.87395137 0.50604101 -0.52683552 0.75542617 -0.00962377 -17.933735567097596 -0.06854164704278747
5.164704841368275e-11 17.748614713109887 0.28105969 0.0223286 0.7120476 0.92080739 -0.48062663 0.5781229 -0.00642413 -12.190749907733515 -5.729246781589923
5.780845733281012e-11 17.678006062403604 1.03934654e-01 2.13835685e-02 6.28094362e-01 7.83752718e-01 -1.21760793e+00 -1.39532730e+00 -1.06052420e-03 -17.523586117554903 -0.22502859555498336
6.009794189809689e-11 17.659276540804022 0.44074628 0.02166792 0.52443726 0.684414 -0.95672934 0.91587247 -0.0119941 -16.72090521028609 -0.9571008521175147
6.063811486013923e-11 17.649547203831755 0.31892275 0.02221403 0.83496907 0.84983627 -0.63001949 -0.7660143 -0.01790616 -17.366368456532676 -0.2929080842713458
6.12323815715389e-11 17.62935111928534 2.52610982e-01 2.22159137e-02 4.21968529e-01 6.89919625e-01 -9.14328452e-01 1.42082739e+00 -1.08127310e-03 -17.56058889289726 -0.08895831093449508
6.604696075243985e-11 17.492261527201112 0.49416524 0.02170842 0.49358584 0.94346621 -0.98928942 0.10050551 -0.00967055 -17.538655998147135 -0.0906951211382048
8.961424527241455e-11 17.0519443686621 0.49416524 0.02210961 0.48592657 0.93291151 -0.98928942 0.10050551 -0.00967055 -17.262861219244854 -0.22940030795625682
1.0848116208781193e-10 17.051555135566044 0.49416524 0.02210961 0.49358584 0.93291151 -0.98928942 0.10050551 -0.00967055 -17.032970383499567 -0.01897398516253194
1.0793419958219364e-10 17.051555135566044 0.49416524 0.02210961 0.49358584 0.93291151 -0.98928942 0.10050551 -0.00967055 -17.032581150403512 -0.01897398516253194
1.0736909906082099e-10 17.051555135566044 0.49416524 0.02210961 0.49358584 0.93291151 -0.98928942 0.10050551 -0.00967055 -17.032581150403512 -0.01897398516253194
1.0918412256438614e-10 17.008004094531994 0.49568756 0.02210961 0.53125846 0.76769487 -0.64746209 0.50880768 -0.00967055 -17.032581150403512 -0.01897398516253194
1.169544771263323e-10 16.905699467447292 0.13532761 0.0224224 0.76648616 0.73441855 -0.77299992 1.35399678 0.00988046 -16.989030109369462 -0.01897398516253194
1.3247310496981355e-10 16.751628808007045 0.29097349 0.02074369 0.41619395 0.75919199 -1.26885474 -0.03510284 -0.00894207 -16.52308517568178 -0.3826142917655126
1.5109338259331504e-10 16.62993535582393 0.44540651 0.02080596 0.89414298 0.83385434 -0.39233315 -1.38621556 0.01902208 -12.90244515694768 -3.849183651059365
1.6081085880166881e-10 16.612841481904923 0.36965322 0.02013256 0.66848093 0.98622301 -0.97476349 -0.48660884 0.00268749 -13.147187886777187 -3.4827474690467404
1.74971187744488e-10 16.45666992791214 4.21151349e-01 2.36167660e-02 5.50744799e-01 5.31840974e-01 -1.21378660e+00 -7.91968038e-01 -1.10985790e-03 -8.194986774587377 -8.417854707317547
1.9397955640142846e-10 16.391064483092624 0.4603418 0.02142468 0.5606684 0.88938723 -1.04265946 0.11129767 0.01119079 -10.431949690665204 -6.024720237246937
2.017038404935514e-10 16.367143023572066 0.40622666 0.02088219 0.45480467 0.77409291 -0.8418653 -1.71067773 -0.00638517 -15.553627207489841 -0.8374372756027811
2.1218229558205779e-10 16.280987237674427 0.27952096 0.02287684 0.51865706 0.54058694 -1.29508863 0.75599964 -0.00804055 -13.30804616159792 -3.0590968619741465
2.2040828551827736e-10 16.278718707823934 0.14433796 0.0239266 0.89889648 0.92707608 -0.62222595 0.66799303 0.00591189 -14.54618101167658 -1.7348062259978458
2.2060210912511977e-10 16.268754066833903 0.37590623 0.02177347 0.51865706 0.64038485 -1.32681091 -1.62901663 -0.01103312 -7.68907623828783 -8.589642469536104
2.2054047111847622e-10 16.268754066833903 0.37590623 0.02177347 0.51865706 0.64038485 -1.32681091 -1.62901663 -0.01103312 -16.125135700485853 -0.14361836634805158
2.1938580896602287e-10 16.268754066833903 0.37590623 0.02177347 0.51865706 0.64038485 -1.32681091 -1.62901663 -0.01103312 -16.125135700485853 -0.14361836634805158
2.571022823945748e-10 15.96408735496716 0.27774899 0.02110073 0.52151748 0.64121512 -1.32681091 -1.72758349 0.01308545 -16.125135700485853 -0.14361836634805158
3.49085961733838e-10 15.648281145248799 0.27019145 0.02020917 0.85422217 0.94316284 -1.01694416 -0.47599233 0.01519569 -13.967245545405616 -1.9968418095615446
4.1648419188812954e-10 15.576968667971599 0.46761621 0.02365596 0.64371725 0.88228974 -0.91408415 -0.56193579 -0.01451134 -7.8999128284612095 -7.748368316787589
4.4764822035992767e-10 15.493916850518797 0.48008832 0.02175704 0.66881408 0.92647626 -1.06637532 -1.06308951 -0.00713086 -9.25281672178726 -6.324151946184339
4.791452048902989e-10 15.42978220419305 0.25890009 0.02385188 0.65593526 0.89102447 -0.95824378 -0.28738145 0.00234888 -15.33052784797121 -0.16338900254758695
4.919896173712193e-10 15.42948218390548 0.13787273 0.02175257 0.71938055 0.50080257 -0.85228186 -0.68272174 -0.01758464 -7.500198416658657 -7.9295837875343915
4.894871725274476e-10 15.42948218390548 0.13787273 0.02175257 0.71938055 0.50080257 -0.85228186 -0.68272174 -0.01758464 -15.260488866049808 -0.1689933178556713
4.882706244366806e-10 15.423967965688817 0.38107794 0.02402057 0.45448593 0.54362929 -0.77783478 -0.39215302 -0.01528664 -15.260488866049808 -0.1689933178556713
4.882069960814194e-10 15.419242098340387 0.33092919 0.0211992 0.63781042 0.95869495 -1.20303405 -0.6180121 -0.00737667 -5.966819709462446 -9.457148256226372
4.930771496016464e-10 15.393773501148146 0.21771402 0.02060604 0.79446617 0.73701264 -1.01100744 0.89820419 0.01348195 -13.827296372817257 -1.5919457255231306
5.045912827140173e-10 15.362657059937558 0.43572909 0.02208198 0.88138249 0.80245068 -0.41972374 -1.45803384 0.00495937 -10.669594618427867 -4.724178882720279
5.13764858830148e-10 15.347059705129535 0.31925693 0.0200552 0.71312869 0.89013647 -0.82834584 -0.07425257 -0.01983916 -15.353578299101619 -0.009078760835939417
5.174375497354849e-10 15.337872324671173 0.37590623 0.0221754 0.51865706 0.61368479 -1.32681091 -1.62901663 -0.01103312 -6.2250010015880095 -9.122058703541525
5.202448277695079e-10 15.325755232419953 0.25991883 0.02071139 0.69346883 0.87252304 -0.93592391 -0.6600445 0.00690631 -15.280806469452987 -0.057065855218186336
5.95673831295981e-10 15.072536706607034 0.2619029 0.02206226 0.41489861 0.60931899 -0.98928942 -1.89385612 -0.01117426 -11.279282584003766 -4.046472648416186
6.671797705693953e-10 15.072536706607034 0.2619029 0.02206226 0.41489861 0.60931899 -0.98928942 -1.89385612 -0.01117426 -15.068316753306675 -0.004219953300357923
6.800356437007057e-10 15.024444780836689 0.2187535 0.02175257 0.71936826 0.50080257 -0.29461759 -0.68272174 -0.01758464 -15.068316753306675 -0.004219953300357923
7.040594831308399e-10 14.992283160194352 0.29294675 0.02177733 0.70727811 0.70494228 -1.3383139 -0.88442834 -0.01348849 -14.855451462981017 -0.1689933178556713
7.124273055793272e-10 14.99005865683499 0.28757773 0.02294745 0.87231709 0.71531168 -0.92850375 -1.20493819 -0.01831307 -14.853129161690104 -0.1391539985042485
7.312882226065416e-10 14.930412907890489 0.41609953 0.02337724 0.45229305 0.71215561 -0.45577235 -1.06923754 -0.01251606 -12.957554550992565 -2.032504105842423
7.714043418924793e-10 14.872693428154909 0.37590623 0.0221754 0.51865706 0.61368479 -1.32681091 -0.54791776 -0.01103312 -10.577602748385196 -4.352810159505292
7.895600479410037e-10 14.872555002618771 0.44954805 0.02326903 0.82535864 0.88545196 -0.81958278 -1.480456 0.01598525 -14.815627572936723 -0.057065855218186336
8.128074338100564e-10 14.805289009422506 0.27646231 0.02177347 0.51865706 0.64038485 -1.32681091 -1.72758349 -0.01101714 -11.186152726092372 -3.6864022765263984
8.469629713881456e-10 14.778775554030886 0.46453656 0.02299473 0.53426146 0.5957084 -1.19287971 -1.96876081 0.01004355 -14.661670643074453 -0.14361836634805158
8.597601388717304e-10 14.764671362153845 0.22424658 0.02380498 0.67235466 0.91734212 -0.83433019 0.6006626 0.00197694 -12.533723793373062 -2.2450517606578257
8.840397912789034e-10 14.713192296370202 0.16638199 0.02354819 0.83730056 0.6136944 -0.80143433 1.02629043 0.00294741 -7.235923882087169 -7.528747480066675
9.330577020521964e-10 14.646685833121229 0.25067729 0.02217663 0.59806409 0.93748732 -0.75869596 0.94678024 0.00193909 -9.194860939405416 -5.518331356964787
1.0810103227236753e-09 14.420034659815496 0.48008832 0.0225449 0.66881408 0.92647626 -0.77156168 0.2681518 -0.00693912 -14.588719155426555 -0.05796667769467406
1.3565827169163366e-09 14.183214633650376 0.26418707 0.02268284 0.52208948 0.59263921 -1.07413673 1.09156715 -0.00963627 -13.768991324382174 -0.6510433354333207
1.5833675071834003e-09 14.088613980062357 0.29438161 0.02170618 0.86645252 0.50979164 -1.40311042 -1.81730009 0.00435881 -13.14503396487809 -1.0381806687722857
1.7188471724938694e-09 14.007907564508326 0.32222257 0.0213072 0.49322496 0.63968029 -1.28940488 -0.06768907 0.00615994 -13.855904251841846 -0.23270972822051103
1.8481370135104295e-09 13.9328469338484 0.29209048 0.02280113 0.66745267 0.52905962 -1.12927444 0.98743881 -0.00131986 -12.807339465939751 -1.2005680985685743
1.9332869844586303e-09 13.906092516949242 0.12434012 0.02293157 0.45726755 0.50965932 -1.11522808 1.25692797 -0.00931798 -12.49106253714447 -1.441784396703929
1.9968549641931712e-09 13.858042874404662 0.15010605 0.02088234 0.59144147 0.62955527 -0.05614997 -0.45563455 0.01049045 -11.942579917653335 -1.963512599295907
2.063088864235948e-09 13.829952167215193 0.15953223 0.02320791 0.85101807 0.93252261 -0.3792581 -0.10219297 -0.01541983 -10.799771264147088 -3.0582716102575733
2.1207019002008363e-09 13.792609867781673 0.13468168 0.02037519 0.74045547 0.86370503 -0.85844497 0.67217361 0.01722099 -10.49554710939608 -3.334405057819113
2.1881220707831382e-09 13.756831754838496 0.4215675 0.02142229 0.5300188 0.9027569 -0.88917603 -1.56846307 0.01816517 -7.399853751713895 -6.392756116067778
2.482459613885605e-09 13.541001903522428 0.42546279 0.02362594 0.79710892 0.67886794 -0.97077703 -0.54863255 -0.01690888 -12.912656769507663 -0.8441749853308324
2.789736212374438e-09 13.501701657193738 0.29642283 0.02189057 0.51132909 0.51054588 -0.76197397 -1.55104157 -0.0144631 -7.446872776738667 -6.094129126783761
2.931741777752823e-09 13.432031011667135 0.36728763 0.02322761 0.81320268 0.74893237 -0.67598927 0.48098647 0.01479455 -13.46211456484412 -0.039587092349618054
3.043283118181559e-09 13.4153786238636 0.41904004 0.02261928 0.40389578 0.59873549 -1.23556857 -1.65884447 -0.00732784 -9.986090278390867 -3.4459407332762693
3.1309324711642225e-09 13.365301892373024 0.22716299 0.02272599 0.52277734 0.72645975 -0.85220977 -0.53574731 0.01090919 -12.566753813285917 -0.8486248105776825
3.203753997169433e-09 13.358280638194582 0.46863935 0.02090491 0.45629183 0.80799165 -0.61745282 -1.45021643 -0.00164952 -12.187573089960775 -1.1777288024122488
3.5989903858654383e-09 13.134611608021126 0.48008832 0.02219031 0.50310355 0.92585743 -0.12669082 -1.45687214 -0.01356283 -10.420121209409345 -2.9381594287852373
4.092049267191581e-09 13.079281158478082 0.38795946 0.02287733 0.86325032 0.82981449 -1.13628823 -0.54345785 0.00956745 -13.06606996097834 -0.06854164704278747
4.398287673931362e-09 12.981402888187974 0.29354124 0.02305015 0.72698413 0.92157461 -0.19004242 -0.5761117 -0.01723099 -11.342468856650013 -1.7368123018280692
4.748716227099427e-09 12.91419920769394 0.21999129 0.02336448 0.4379361 0.57610087 -0.43015194 0.36036291 -0.01810136 -10.473827879133664 -2.5075750090543107
4.886512122246886e-09 12.912567035116448 0.48008832 0.02176281 0.49266948 0.84049701 -0.30573347 -0.17410115 -0.01297877 -8.642852967443932 -4.271346240250008
5.609474415340069e-09 12.645519241770598 0.41732148 0.02085628 0.87091902 0.81818893 -0.88330813 -1.25896111 0.01320382 -12.756266919458115 -0.15630011565833335
6.585510957262411e-09 12.565079811559158 0.22920034 0.02283392 0.78547484 0.69763516 -0.61451535 -0.18314217 -0.00148632 -9.445528694563881 -3.199990547206717
6.969711000399544e-09 12.520496547645704 0.34322637 0.02289916 0.45419961 0.68136052 -0.89577506 0.70402876 -0.01659108 -10.999708989357648 -1.5653708222015101
7.308663009776314e-09 12.460025088797362 0.37454474 0.02095805 0.74876336 0.50839516 -1.25025241 -0.87135055 0.01111199 -10.694106935850119 -1.826389611795586
7.855693951675799e-09 12.36689479594163 0.15869517 0.02246975 0.5244652 0.67021042 -1.0272958 1.17037462 0.01042156 -9.795254538528658 -2.6647705502687034
8.276089266540408e-09 12.343234925417251 0.28105969 0.0223286 0.71938055 0.90094419 -0.84690345 0.81828734 -0.01915009 -11.888939214654098 -0.4779555812875318
8.330147418682003e-09 12.343234925417251 0.28105969 0.0223286 0.71938055 0.90094419 -0.84690345 0.81828734 -0.01915009 -12.118206329862268 -0.22502859555498336
8.314251384156616e-09 12.336567480774294 0.28105969 0.0223286 0.71938055 0.90094419 -0.84690345 0.81828734 -0.01816702 -12.118206329862268 -0.22502859555498336
8.29829345817457e-09 12.336567480774294 0.28105969 0.0223286 0.71938055 0.90094419 -0.84690345 0.81828734 -0.01816702 -12.11153888521931 -0.22502859555498336
9.073446167120063e-09 12.15563706797619 0.27926724 0.02339792 0.6887307 0.65892343 -1.07704393 -0.93014579 -0.01726354 -12.11153888521931 -0.22502859555498336
9.871631326661931e-09 12.149280102966364 0.2619029 0.02206226 0.41489861 0.60931899 -0.98928942 -1.52608157 -0.01354354 -7.669206751657181 -4.4864303163190105
9.8763917047729e-09 12.144170556579345 0.25158875 0.02136084 0.62585476 0.50444926 -0.96312859 1.17206865 0.00622057 -12.145060149666005 -0.004219953300357923
1.0022068506812314e-08 12.109785868133404 0.29747199 0.02123985 0.48684011 0.70159041 -0.3347519 -0.53373128 -0.00900102 -11.117495583305939 -1.0266749732734062
1.014914071976699e-08 12.108177865892548 0.22445113 0.02223827 0.69227545 0.58738616 -0.01483331 -0.5125064 0.01210615 -10.671614932745571 -1.438170935387833
1.0310365725847756e-08 12.068165281825351 0.41239265 0.02153626 0.61276087 0.58884274 -1.23334188 -1.26163581 0.01432942 -11.995600478160796 -0.11257738773175302
1.046538169223575e-08 12.06743294691956 0.17158501 0.02043497 0.64713296 0.72921927 -1.13366291 -0.29196938 0.01227334 -11.515221225530357 -0.5529440562949928
1.0979679991665366e-08 11.964373641700638 0.19471793 0.02216921 0.6860946 0.69325045 -0.95685813 1.13299478 -0.01420731 -6.130940397742027 -5.936492549177532
1.1643307575072352e-08 11.937095587867258 0.31419058 0.02261173 0.48439345 0.50979164 -1.34112097 -1.112246 0.00575889 -11.911768729597988 -0.05260491210265025
1.174031000888049e-08 11.937095587867258 0.31419058 0.02261173 0.48439345 0.50979164 -1.34112097 -1.112246 0.00575889 -11.109717648340812 -0.8273779395264469
1.2011012365753533e-08 11.881770580924385 0.48673462 0.02301753 0.61409243 0.52497058 -0.81874196 0.25514806 -0.01953362 -11.109717648340812 -0.8273779395264469
1.2624203829751528e-08 11.826997714409293 0.39349276 0.02093394 0.88417612 0.53540448 -0.0936683 -0.5994749 -0.00375233 -9.530491644200808 -2.3512789367235785
1.3237183155689784e-08 11.77633580462864 0.19984278 0.0233967 0.6735537 0.55903982 -0.96716036 0.56184776 -0.01976378 -9.03981298984472 -2.787184724564574
1.4068505041273685e-08 11.69566619223988 0.43770065 0.02067886 0.4657386 0.9193699 -0.15840332 -0.85028482 -0.00508527 -7.297845511593487 -4.4784902930351524
1.5003709958715237e-08 11.636371693608035 0.17908962 0.02118667 0.83578507 0.88817652 -1.23429964 -0.83863437 0.00768645 -7.445554977313243 -4.250111214926638
1.598979656200019e-08 11.558497749014212 0.41653094 0.0224493 0.75436446 0.70531357 -0.35887307 -1.18120399 0.0139848 -9.995456097740005 -1.64091559586803
1.6874073796453218e-08 11.517129979193333 0.29825114 0.02258425 0.86669867 0.55414942 -1.09207482 0.78435366 0.01453768 -11.123013715055755 -0.4354840339584567
1.8231634350852085e-08 11.396450167135775 0.17374288 0.02341145 0.63031984 0.70613145 -1.13383798 -0.55996427 0.00960877 -10.764814954036284 -0.7523150251570495
1.9250512086664177e-08 11.394234945398923 0.27105232 0.02185584 0.51865706 0.51948501 -1.32681091 -1.72758349 -0.01081889 -6.821438927846995 -4.575011239288781
1.929616748581528e-08 11.381254674041427 0.20760641 0.02065012 0.72999077 0.56715052 -1.23860965 -0.62460841 0.00353715 -11.33055944799162 -0.06367549740730208
1.9613530654442317e-08 11.351292206537938 0.15796749 0.02225617 0.56261216 0.53475108 -1.0588184 1.18272749 -0.01741488 -6.947006028210137 -4.43424864583129
2.0235231919028607e-08 11.308576512317893 0.29096602 0.02134394 0.76195014 0.56068938 -1.21581863 0.33366207 0.00330013 -11.21949047961749 -0.13180172692044795
2.0638629741026213e-08 11.300873584844764 0.25543035 0.02123625 0.52051182 0.66890316 -1.26219401 -0.98149969 -0.00485623 -10.228568773404719 -1.0800077389131737
2.0877651749770455e-08 11.275198282164592 0.12590338 0.02182095 0.51865706 0.51948501 -1.32681091 -1.72758349 -0.01188907 -9.849388456034038 -1.451485128810726
2.1034946794710857e-08 11.275198282164592 0.12590338 0.02182095 0.51865706 0.51948501 -1.32681091 -1.72758349 -0.01188907 -11.181576218161991 -0.0936220640025998
2.1246062797977895e-08 11.244955398799146 0.14533357 0.02342193 0.69563668 0.51841884 -1.27638235 -0.61998102 -0.01453144 -11.181576218161991 -0.0936220640025998
2.1745129430220728e-08 11.21821330052293 0.4851206 0.02118567 0.77642273 0.57460978 -0.39273053 -0.08434751 -0.01627593 -6.600784506501985 -4.64417089229716
2.205473431885112e-08 11.206039976684888 0.29881977 0.02133355 0.42756035 0.89714263 -1.1753818 -0.46423812 -0.01751273 -9.573330018783745 -1.6448832817391854
2.2640908711326888e-08 11.155845150025472 0.12590338 0.02182095 0.51865706 0.52100917 -1.32681091 -1.72758349 -0.00711251 -10.09257897808682 -1.1134609985980688
2.319103064721451e-08 11.146916971039532 0.1636601 0.02327232 0.74831018 0.57941186 -0.38252806 0.00871091 0.0086666 -11.062223086022872 -0.0936220640025998
2.3247831076268203e-08 11.14044448995065 1.49416014e-01 2.10750310e-02 8.37467438e-01 7.66102888e-01 -6.59998170e-01 8.38571358e-01 9.16598254e-05 -7.4410751334988365 -3.7058418375406963
2.332557596696013e-08 11.129759132301555 0.12590338 0.02182095 0.51865706 0.51948501 -1.32681091 -1.72758349 -0.0075752 -9.030410475952012 -2.1100340139986367
2.3687026863632537e-08 11.099393603569789 0.36163036 0.02191744 0.8210205 0.91183879 -0.10915051 -0.85842101 -0.01819779 -11.036137068298954 -0.0936220640025998
2.4083707585596518e-08 11.085859566160778 0.17343559 0.02054589 0.73933707 0.52471773 -1.14781259 -0.35084291 -0.00592 -11.074539931556531 -0.024853672013258377
2.5343306568326284e-08 10.989224617356415 0.40252319 0.02215422 0.71531656 0.50080257 -1.26498214 -0.68272174 -0.01758464 -5.951192465817288 -5.134667100343489
2.6466808224440358e-08 10.986275810479391 0.12590338 0.02178951 0.51865706 0.52088798 -1.32681091 -1.66969932 -0.01188907 -10.946658737703613 -0.04256587965280136
2.6367056965188844e-08 10.986275810479391 0.12590338 0.02178951 0.51865706 0.52088798 -1.32681091 -1.66969932 -0.01188907 -10.860739923029836 -0.12553588744955554
2.6531667787253963e-08 10.963459953410574 0.18447819 0.02101383 0.40179742 0.62487401 -1.26031889 0.14045334 -0.00544938 -10.860739923029836 -0.12553588744955554
2.7129600922920892e-08 10.931332224578444 0.12590338 0.02106969 0.51865706 0.55498946 -1.34380555 -1.03645623 -0.01188907 -8.571282986391294 -2.3921769670192794
2.8872479042795614e-08 10.830706630487299 0.30365164 0.02103499 0.78579752 0.57333624 -1.08130545 0.41028682 -0.01952009 -8.797382525087366 -2.133949699491078
3.196819944359584e-08 10.717783835311781 3.21138115e-01 2.18197845e-02 8.92089535e-01 9.15387820e-01 -1.01822117e+00 4.87635993e-01 -8.99715877e-04 -8.538085574721508 -2.292621055765791
3.3791224220973174e-08 10.706136657535097 0.25803898 0.0230268 0.51173584 0.55551521 -0.52686498 -0.22697305 0.01766974 -10.623062041376828 -0.09472179393495281
3.4460213004723946e-08 10.668398663559792 0.18359188 0.02174788 0.76511679 0.52789691 -0.74739514 1.12625719 -0.01790062 -8.310921532688504 -2.3952151248465947
3.4933057711572475e-08 10.668025600725695 0.40249626 0.02334455 0.86047853 0.7616952 -0.57410973 -0.06870322 0.01373341 -10.493421143415038 -0.17497752014475484
3.518210406324519e-08 10.64383826468416 0.2428928 0.02091563 0.67710551 0.98771015 -1.10644676 -0.44316239 0.01351367 -6.522359636470636 -4.14566596425506
3.5552804907703037e-08 10.6364313363935 0.41362174 0.02136363 0.53451879 0.68714361 -1.10505629 -0.74063912 -0.01982551 -7.761893233948523 -2.881945030735637
3.68063532391154e-08 10.56528807321827 0.49416524 0.02210961 0.52323788 0.76769487 -0.64746209 0.10050551 -0.00967055 -9.618435378130147 -1.017995958263352
3.792067875575697e-08 10.565015360473252 0.20198165 0.02113818 0.6839655 0.51840139 -0.32036489 -0.29159647 0.01430739 -10.546314088055738 -0.01897398516253194
3.8085202381489126e-08 10.546219183917868 0.46485484 0.02201349 0.86683218 0.61330913 -1.1223461 -1.07155594 -0.00410846 -8.727563077142333 -1.8374522833309181
3.8554310134417957e-08 10.530009846182388 0.30553355 0.02255306 0.57448868 0.86966692 -0.93469133 0.60866685 -0.00761683 -10.546119057924795 -0.00010012599307387985
3.947239856625781e-08 10.489007540871185 0.23343851 0.02214067 0.51865706 0.61368479 -1.32681091 -0.54791776 -0.012102 -9.85856711776177 -0.6714427284206168
4.1141109790406005e-08 10.436955732566426 0.29366954 0.02109205 0.54664322 0.65002349 -0.59601486 0.47099983 -0.01372512 -10.454601791479107 -0.03440574939207939
4.2421131182632174e-08 10.416657054713848 0.41592972 0.02151337 0.62279516 0.79241769 -0.48161822 -0.9201449 -0.00841369 -8.402230839435806 -2.0347248931306208
4.34234287318055e-08 10.379985175444668 0.11600924 0.02249929 0.69710964 0.73435106 -0.28596919 0.16508151 -0.01800583 -9.81014318879982 -0.6065138659140272
4.4703096589627626e-08 10.347990762445063 0.45587764 0.02077632 0.69720079 0.68915604 -0.72108193 -1.00674439 0.00642025 -9.837167049082328 -0.542818126362339
4.54091225955696e-08 10.337915444005041 0.36948183 0.02316046 0.51912413 0.84524912 -0.97270858 -0.48532158 -0.003969 -6.693144711280436 -3.6548460511646277
4.5417982925075325e-08 10.337076642263836 0.27160574 0.02221219 0.88313305 0.61036606 -0.49264135 -0.42317261 0.01703477 -7.264533895799818 -3.0733815482052242
4.6312815834403405e-08 10.288973779177052 0.13092743 0.02336402 0.56896562 0.94803962 -1.19261015 -0.09861565 0.01084987 -10.249799112516577 -0.08727752974725883
4.9965517659636616e-08 10.177287552675761 0.14703366 0.02121136 0.76486759 0.62664972 -1.23412264 0.35743319 -0.00482508 -6.020575063909607 -4.268398715267444
5.27279187242265e-08 10.167757017982897 0.14823254 0.02317031 0.76288364 0.65823427 -0.65237344 0.414887 0.01387742 -8.632156667165171 -1.5451308855105905
5.4177236558615593e-08 10.113276574743796 0.25185783 0.0224032 0.76547717 0.53809337 -1.26207675 0.20423992 -0.00588889 -7.04105334397942 -3.126703674003478
5.5983581163443506e-08 10.091044682591534 0.36185794 0.02083003 0.78140838 0.56876876 -0.89687654 0.08053972 0.01772942 -9.766290703990554 -0.34698587075324194
5.744603115055629e-08 10.051470869128288 0.3487531 0.02317377 0.75969835 0.70764121 -0.64700864 0.21854822 -0.01260665 -6.745030857762343 -3.34601382482919
5.943038638221007e-08 10.012612479632054 0.27560655 0.02272257 0.78022232 0.98968515 -0.94492128 -0.39795767 0.00408 -6.9059631662754315 -3.1455077028528553
6.094509588520116e-08 9.990382744059998 0.48608032 0.02106674 0.4739764 0.6751862 -0.34617763 -1.36311154 0.00813163 -8.846241739672529 -1.1663707399595253
6.176393284763761e-08 9.975354309441474 0.49508543 0.02221791 0.88249749 0.51088507 -1.12323802 -1.18191357 -0.0118104 -7.843155337814612 -2.1472274062453853
6.193514059682343e-08 9.97429158199004 0.25600739 0.02207589 0.40969797 0.50305682 -0.2087935 -0.06124854 -0.01217448 -9.8828020832744 -0.09255222616707376
6.29287489148075e-08 9.933441667825727 0.15883098 0.02096096 0.65616606 0.66389722 -0.36570069 0.12114848 -0.01656724 -9.966909146836443 -0.007382435153596526
6.656729257946853e-08 9.852589084936787 0.43878389 0.02291862 0.70928424 0.68359047 -0.79110282 -1.2511037 -0.01475239 -7.283242948568124 -2.650198719257603
6.978642540773014e-08 9.827020237110334 0.28992678 0.02280293 0.82197723 0.54392783 -0.66930291 0.59656673 -0.0072867 -7.944470699797379 -1.9081183851394072
7.093352259790074e-08 9.809397327763199 0.16609212 0.02210877 0.88023217 0.87683994 -1.26793494 -0.75782106 0.00582914 -8.37859412040214 -1.4484261167081942
7.334472086323895e-08 9.750457449971558 0.14936848 0.02122882 0.81639854 0.93519697 -1.26658278 -0.49386199 0.01420171 -9.790778271213755 -0.018619056549442823
7.582305182134129e-08 9.731654986180235 0.40464821 0.02258788 0.44925503 0.59219626 -0.18881222 -0.99461468 -0.01764179 -8.27131835606457 -1.4791390939069868
7.642891425043153e-08 9.723967683564677 1.12835165e-01 2.26651524e-02 4.46356198e-01 6.68807874e-01 -9.87815899e-01 8.04516552e-01 7.35265664e-04 -8.969639879369542 -0.7620151068106938
7.926358376485697e-08 9.6496852175538 0.32432232 0.02322379 0.5318968 0.55266137 -0.99317985 -0.12732399 -0.01694054 -8.740457162369287 -0.9835105211953898
8.3045796333257e-08 9.61909688673985 1.65823333e-01 2.30338418e-02 7.44196865e-01 5.21533316e-01 -9.09785095e-01 4.31136217e-01 1.84083155e-04 -6.225495099517219 -3.424190118036582
8.414163685880827e-08 9.612744066405948 0.31892275 0.02174998 0.83496907 0.84983627 -0.87947983 -0.64968596 -0.01653407 -7.1902801707172195 -2.42881671602263
8.452705022340336e-08 9.599491846101161 0.27137663 0.02268712 0.52738582 0.68394005 -1.15141078 0.23237057 0.01279984 -9.440459215175844 -0.17228485123010526
8.481409033956768e-08 9.595425414508368 0.35769395 0.02275654 0.46861141 0.86924603 -0.80763758 0.37055244 -0.00356897 -8.547875690702284 -1.0516161553988777
8.579293899056858e-08 9.566251732154399 0.37029623 0.02307951 0.76870309 0.52822415 -0.81634981 -1.03997682 -0.0058708 -8.313550092670585 -1.2818753218377819
8.683404250825851e-08 9.560597860673859 2.92300732e-01 2.21928935e-02 5.48883682e-01 7.38269991e-01 -1.00471680e+00 6.11438090e-01 8.40744386e-04 -6.913704881550266 -2.652546850604132
8.672883902132088e-08 9.558171063348095 0.12590338 0.02129692 0.51865706 0.55114565 -1.32681091 -1.03808776 -0.01190429 -9.489964167209422 -0.07063369346443762
8.924216731873009e-08 9.493992817326522 0.42667033 0.0229879 0.87823005 0.52260128 -1.01185853 -1.43517602 0.01904563 -8.322715975086167 -1.2354550882619268
9.206189053850278e-08 9.484450742256348 0.35891547 0.02225989 0.53190652 0.7568438 -0.84883103 -0.95997866 -0.01455472 -7.280290713997698 -2.213702103328824
9.310653194910052e-08 9.461041797832461 0.35702445 0.02110162 0.69560087 0.83897163 -0.76200846 0.30160862 -0.01424939 -9.348467183584724 -0.13598355867162432
9.680941087565963e-08 9.396845421836693 0.48095282 0.02215422 0.67959277 0.78779388 -0.80852755 -0.06349549 0.0033938 -7.468092165799843 -1.9929496320326179
9.96128537155426e-08 9.392423856241106 0.42666597 0.02128568 0.86541645 0.5391985 -0.10340765 -1.04568948 -0.01006354 -9.35427954218389 -0.04256587965280136
1.0000131182060086e-07 9.37860537081234 0.12490661 0.02280796 0.4141066 0.77804191 -0.85568797 0.50045535 -0.00591003 -8.11824731835329 -1.2741765378878145
1.0017171587214442e-07 9.378472275702258 0.12590338 0.02283007 0.4172799 0.61080858 -1.32633353 -0.73238375 0.00973098 -7.911486741287241 -1.4671186295250978
9.981256489945549e-08 9.375292773697382 0.45550519 0.0212463 0.64659017 0.56464253 -0.1653649 -0.64261826 -0.00065337 -7.8278621520578815 -1.550610123644377
1.0610773785980184e-07 9.249596532085153 3.95148017e-01 2.09199118e-02 8.01002519e-01 5.97535167e-01 -7.92703237e-01 -8.00378834e-01 5.40993059e-04 -7.960816377836048 -1.4144763958613331
1.1228100651896889e-07 9.247748141338953 0.25753861 0.02233151 0.8465495 0.91364633 -1.12002689 -0.65440858 -0.01779554 -6.38996995124282 -2.8596265808423333
1.1306912608489806e-07 9.225234378629441 0.48119626 0.02212928 0.44441353 0.86921639 -0.1608533 -0.62820201 -0.01798969 -9.018453292023436 -0.22929484931551777
1.1398146456144309e-07 9.221054130149941 0.32444752 0.02142773 0.54302663 0.63868476 -0.46120791 0.21999898 0.01245196 -9.197016374058121 -0.02821800457132056
1.1471067894383241e-07 9.202066867023538 0.47207259 0.02232272 0.70824837 0.65925738 -0.90814469 -0.11062441 0.00271096 -8.392163554681375 -0.8288905754685664
1.1589339215693131e-07 9.189986549296716 0.30254555 0.02212566 0.73532671 0.61987772 -0.74882592 0.68373385 0.00145573 -8.985529735622281 -0.21653713140125727
1.1620899470114678e-07 9.186096429046268 0.25837545 0.02298203 0.83245509 0.73256171 -1.15653712 -0.30584319 0.01563816 -9.163608964204018 -0.026377585092697185
1.1842164254709003e-07 9.142242313528048 0.43615452 0.02315857 0.82840305 0.80122185 -0.60398098 -0.52119972 0.00183224 -6.9991861674709375 -2.18691026157533
1.2081747381883047e-07 9.135070960324562 0.1094461 0.02134931 0.60205715 0.67375432 -0.84870547 0.93710609 -0.00379036 -6.079040914419036 -3.063201399109011
1.2263397775698512e-07 9.102155189565904 0.27718699 0.02170858 0.50677187 0.61657699 -0.68956925 -0.3910367 0.0172446 -8.07216941005469 -1.0629015502698733
1.250872472391117e-07 9.084762338786364 0.35809628 0.02110304 0.6927651 0.89001641 -0.33394883 -0.20416946 -0.01714096 -8.872993323382643 -0.2291618661832612
1.2563725875504343e-07 9.08280703785195 0.47281434 0.02162773 0.70329233 0.96326494 -0.57850267 -1.0905124 0.01703407 -7.097939995868747 -1.9868223429176168
1.255007080801873e-07 9.076447692620869 0.25987519 0.02219307 0.5534689 0.51630387 -1.0531086 -1.69159703 0.0053925 -8.719212188416277 -0.3635948494356734
1.2534487373270995e-07 9.074783852852628 0.38490637 0.02281615 0.44375279 0.86623912 -0.91859559 -0.67325782 0.00733405 -9.005668642392783 -0.07077905022808728
1.2492820169984695e-07 9.072608955820977 0.24331398 0.02257395 0.74038597 0.56546306 -0.67051559 -0.1271432 -0.01937807 -7.577002854653131 -1.4977809981994972
1.2550380832984448e-07 9.055166185151938 0.28105969 0.02188723 0.71938055 0.50080257 -0.82165528 0.81828734 -0.01915009 -8.347509824344245 -0.7250991314767321
1.2752007058407338e-07 9.030313265013993 0.15356927 0.02275011 0.86316695 0.63396352 -1.04661836 0.57646347 0.00952093 -9.013514458498777 -0.04165172665316078
1.2914873015507946e-07 9.019162309013863 0.12336942 0.02234833 0.51083417 0.55498946 -1.34380555 -1.03645623 -0.01188907 -7.770733098582198 -1.2595801664317945
1.3058342540976294e-07 8.997802306671257 3.24642449e-01 2.30761481e-02 5.86570514e-01 5.03187378e-01 -7.03016474e-01 -1.52563790e-01 3.45354121e-04 -8.764432036171062 -0.2547302728428012
1.3160377905651214e-07 8.992988456208757 0.12590338 0.02137738 0.41363401 0.61080858 -1.32633353 -0.73394353 -0.01228811 -6.362053943440421 -2.6357483632308365
1.3146866678139557e-07 8.989355475081124 0.22869526 0.02196999 0.7959246 0.50480425 -0.51732753 -0.21560474 -0.00699451 -8.017184031964828 -0.9758044242439295
1.3155227950196217e-07 8.981231369897834 0.28577448 0.0215846 0.70294285 0.94809236 -0.59024975 -0.10179115 -0.01776661 -8.98344484597808 -0.0059106291030445995
1.3209142350215214e-07 8.97068815326076 0.16947766 0.02237021 0.44049265 0.73493106 -1.05790415 -0.48803201 -0.00747526 -8.533285641744847 -0.4479457281529875
1.3752575656080368e-07 8.891633020471847 4.21123659e-01 2.21499914e-02 7.38672696e-01 6.44705914e-01 -1.22129947e-01 -6.05892049e-01 4.02496717e-04 -8.680875299044361 -0.2898128542163987
1.4317259834337747e-07 8.878193248487502 0.14651948 0.02153086 0.46817116 0.96663696 -0.41056077 0.3180068 -0.01173092 -8.85170447723135 -0.039928543240498104
1.434228270285977e-07 8.877596809244096 0.30824753 0.02252838 0.51613355 0.5957007 -0.7276443 0.5672515 0.00853547 -8.312830105207922 -0.5653631432795798
1.4302624779567974e-07 8.873237070330694 0.11519688 0.02254371 0.63276212 0.69824589 -1.07161099 -0.16623195 0.00393104 -8.26689218021442 -0.6107046290296769
1.4380147385051915e-07 8.856353547915807 0.4552858 0.02250738 0.48999494 0.71108102 -0.87660633 -1.42990314 0.01947915 -8.225153670705968 -0.6480833996247264
1.443486506067382e-07 8.855071779890645 0.4478134 0.02205642 0.82239287 0.70246089 -0.65812327 -1.31610223 -0.01019512 -8.295066456554615 -0.5612870913611928
1.4397735137578034e-07 8.851009656433074 0.47911313 0.02094664 0.50051056 0.92647626 -0.30573347 -0.71933145 -0.01075991 -8.851937598779871 -0.0031341811107735316
1.4445001151658667e-07 8.838055889543 0.12590338 0.0225082 0.48962424 0.54046158 -1.32681091 -0.04788649 -0.01123138 -6.128666573217844 -2.7223430832152307
1.4502423146172958e-07 8.83254192517916 0.26194238 0.02165009 0.66054166 0.80616022 -1.13208294 -0.83518068 0.00922451 -8.274864474827458 -0.5631914147155422
1.449171231590604e-07 8.829030314465944 0.32933012 0.02157611 0.73117262 0.62607457 -0.18620259 -0.37327247 0.01676622 -8.509211525329038 -0.3233303998501225
1.4469113967996053e-07 8.825165095883314 0.36046538 0.02234076 0.58794644 0.59493775 -0.09513658 -0.770249 -0.01453715 -8.363446492678412 -0.4655838217875323
1.445297525655663e-07 8.820764734416496 0.12495603 0.02170264 0.71512807 0.62867599 -0.85778498 0.33415726 -0.01367135 -8.582042173931235 -0.24312292195207827
1.4564496117127612e-07 8.799402624324436 0.28354827 0.02257008 0.69629642 0.58762514 -0.40128892 -0.33711048 0.01879067 -8.582772465855557 -0.23799226856093847
1.4962852973691587e-07 8.756641304062903 1.42461237e-01 2.24155383e-02 8.97996457e-01 6.32912020e-01 -8.57802946e-01 9.44521461e-01 -3.68009654e-04 -8.084394367749878 -0.7150082565745574
1.5213127104394002e-07 8.755271245473962 0.42958391 0.02286407 0.4781734 0.76761549 -0.8831608 -0.66518083 -0.0023678 -8.386956624986876 -0.36968467907602737
1.5344324502252297e-07 8.729138871481949 0.24217181 0.02203609 0.48471972 0.59297974 -0.64926288 0.69104418 -0.00237509 -7.0717897012541435 -1.6834815442198183
1.5629851280008857e-07 8.707841282086813 0.25508746 0.02266725 0.47616681 0.92430429 -0.43213905 -0.09619067 -0.0160453 -8.728526872806928 -0.0006119986750211411
1.573847298741406e-07 8.704678078182358 0.26008472 0.02109893 0.65186352 0.65935176 -0.60926692 0.11358497 -0.00472141 -7.717939599345428 -0.9899016827413843
1.5803210895708703e-07 8.689190202569439 0.40875822 0.02135947 0.72178292 0.52123134 -0.15811964 -0.67806442 -0.00093142 -6.700040792653368 -2.0046372855289905
1.5911766296336376e-07 8.68044708181346 0.1974773 0.02178951 0.51865706 0.52088798 -1.32681091 -0.72958143 -0.00956137 -7.658231450471226 -1.0309587520982122
1.602979125201763e-07 8.663960154204286 0.43193798 0.02154871 0.52983038 0.68080957 -0.90459187 0.00384445 -0.01704717 -8.554911194363905 -0.12553588744955554
1.6160298681769752e-07 8.65368960404896 0.38417887 0.02277591 0.59078652 0.74967967 -0.28016908 -0.35512113 0.0168578 -8.139116397222663 -0.5248437569816223
1.6182731269742237e-07 8.650663027580823 0.30735563 0.02307343 0.47872568 0.867696 -0.83238479 0.17368205 -0.01707404 -7.303486718148035 -1.3502028859009252
1.619325931013574e-07 8.641907046979075 0.4992103 0.0221978 0.70922064 0.56201325 -0.00601596 -1.58808924 -0.01540057 -6.028457955751312 -2.6222050718295113
1.639603622964386e-07 8.615431288159751 0.12590338 0.02149733 0.51865706 0.54432504 -1.34380555 -0.73394353 -0.01228811 -8.567204601786727 -0.07470244519234794
1.6676784331929663e-07 8.597358791176616 0.41116361 0.02100732 0.83447648 0.74686863 -0.79421493 -0.34095318 0.00812333 -7.9698995907693355 -0.6455316973904149
1.722474830382145e-07 8.54098606549987 0.34218291 0.02226736 0.72802952 0.61323161 -0.91503112 0.48064627 0.01640349 -6.174116316280997 -2.4232424748956185
1.7777636529348012e-07 8.522958781949473 1.42460865e-01 2.11072420e-02 4.14076143e-01 6.57700570e-01 -1.09284828e+00 1.05523220e-02 1.06480254e-04 -8.396409076713086 -0.14457698878678485
1.793445989662435e-07 8.512866167400553 0.48008832 0.0225449 0.66881408 0.92647626 -0.19758988 -1.10963536 -0.00693912 -6.554321919035753 -1.9686368629137192
1.8243404908839397e-07 8.478569370588904 0.19755938 0.02169919 0.79754839 0.50525453 -0.64604772 0.75741453 0.00453101 -7.861822831967233 -0.6510433354333207
1.8590531948775195e-07 8.464425859290994 0.39868394 0.02148077 0.52632255 0.98873233 -0.8186109 0.08778221 -0.00689799 -8.235384070206058 -0.24318530038284605
1.8854055087768345e-07 8.440018379727649 0.35345854 0.02192501 0.46131345 0.85892273 -0.73198902 -0.5370771 0.00268943 -7.777345519561178 -0.687080339729817
1.9032871994246476e-07 8.434905606173945 0.49458653 0.02224247 0.52229718 0.56500687 -0.95138517 -1.83916021 0.00828858 -8.41869725173289 -0.0213211279947583
1.924949347853376e-07 8.407072480588056 0.30030356 0.0226777 0.65170916 0.5492148 -0.33137886 -0.3126543 -0.01642621 -8.3179541798343 -0.11695142633964392
1.9551748616782942e-07 8.393102066332386 4.65288218e-01 2.17933735e-02 5.50025341e-01 6.14398317e-01 -4.72971353e-01 -1.41240467e+00 1.37523997e-03 -7.384948299921346 -1.0221241806667098
1.9637039032473418e-07 8.38782632699967 0.10390146 0.02203311 0.87957694 0.55692193 -0.95786348 0.78729147 0.00548346 -8.271741993301049 -0.12136007303133697
1.9944235574399296e-07 8.351874259641262 0.12590338 0.02138026 0.72447627 0.54046158 -1.32681091 -0.4933429 -0.01754781 -8.387420189605736 -0.00040613739393426026
2.022333633456225e-07 8.349212179018107 0.28596367 0.02262697 0.78592082 0.86332831 -0.5056795 -0.10122705 -0.01773275 -7.384800760252273 -0.9670734993889896
2.0494630310169586e-07 8.315014700729277 0.24402803 0.02264253 0.6692738 0.98732043 -0.90452156 0.55690189 -0.01454721 -7.478680380258706 -0.8705317987594012
2.080412324332244e-07 8.308455302677292 0.30436361 0.02239379 0.83724672 0.64616467 -0.80102748 0.55123495 -0.01376411 -7.3992591229875115 -0.9157555777417649
2.094054422858058e-07 8.291505069106362 0.26600925 0.02218983 0.80083626 0.95625812 -0.82661594 -0.10965862 0.00577247 -7.978308800103831 -0.33014650257346045
2.111549050117417e-07 8.281271499343982 0.49161691 0.02185309 0.70450634 0.67077681 -0.01472983 -1.10963536 -0.00693912 -8.223351214144648 -0.06815385496171424
2.1238656116062344e-07 8.269383497107723 0.46451771 0.02191701 0.86203481 0.66420137 -0.97290317 -0.89544685 0.00194299 -8.215442778640396 -0.0658287207035862
2.1397271408360586e-07 8.255901921276001 0.25013622 0.02205112 0.48523166 0.69268517 -0.91106602 0.67806512 -0.00978618 -8.244319102877354 -0.025064394230370313
2.147766963807382e-07 8.251343812958375 0.24254929 0.0227463 0.59095963 0.6723304 -1.12542717 0.1343253 0.01524149 -8.253613779786914 -0.002288141489087197
2.143410361074277e-07 8.249459890081786 0.40143411 0.02277561 0.60854256 0.50927371 -0.44841827 -0.73821084 0.00781686 -7.00486768865791 -1.2464761243004652
2.1482752545837836e-07 8.23635291021693 0.22911476 0.02136842 0.46455621 0.73291002 -0.95008963 0.53964889 0.01606611 -6.900327902528361 -1.3491319875534247
2.159418698486606e-07 8.228585809558666 0.17722615 0.02229064 0.66720941 0.8003317 -0.42382732 0.31068852 -0.01992171 -7.233152951659486 -1.0031999585574445
2.1608818490774385e-07 8.224488638348404 0.34343396 0.022765 0.51671052 0.6459402 -0.36031818 -0.33808549 0.00429855 -8.05550774305832 -0.17307806650034652
2.1663733887177602e-07 8.21303943561361 0.39921193 0.02113419 0.64997225 0.6301397 -0.50677489 -0.4944006 0.01519417 -6.9130013431482915 -1.3114872952001122
2.1710165696011728e-07 8.209677974363395 0.25713913 0.02172497 0.45629656 0.98725665 -0.87747706 0.59242839 -0.01970776 -6.358948672146651 -1.8540907634669588
2.1711217600974307e-07 8.202454043231834 4.20584189e-01 2.26287414e-02 5.32445694e-01 8.38062872e-01 -8.51411664e-01 -1.30396775e-01 2.74492616e-04 -8.00400598246449 -0.20567199189890512
2.1738383498704028e-07 8.196673658071372 0.47357537 0.02194667 0.54189646 0.98885222 -0.07203009 -1.16155021 0.00723926 -7.3268253892583175 -0.8756286539735165
2.179006403731117e-07 8.187220190291104 0.20734443 0.02258924 0.7934463 0.51214556 -1.27641159 -0.59748628 -0.01036169 -8.183968953007378 -0.012704705063993418
2.1936942827718042e-07 8.172768784804408 0.38214617 0.02255024 0.79877237 0.55485796 -0.87629231 -1.33729472 -0.01079536 -7.421541213002348 -0.7656789772887556
2.210850815860468e-07 8.161122345386 0.12590338 0.0225082 0.52398515 0.54046158 -1.32681091 -0.2900918 -0.01123138 -7.508419108947648 -0.6643496758567593
2.2120824014308883e-07 8.161122345386 0.12590338 0.0225082 0.52398515 0.54046158 -1.32681091 -0.2900918 -0.01123138 -7.597930930670457 -0.5631914147155422
2.2047447175112693e-07 8.157272553124999 2.04287191e-01 2.25911988e-02 7.60029220e-01 5.19744852e-01 -8.36059995e-01 6.49300157e-01 -4.68415005e-04 -7.597930930670457 -0.5631914147155422
2.2160856611632592e-07 8.140429457872226 0.33370021 0.02225015 0.74810721 0.90656129 -0.87933331 -0.49210298 -0.01371974 -7.386317867748529 -0.7709546853764699
2.2279663530667845e-07 8.136014200949344 0.36258889 0.02146909 0.58904766 0.56121097 -1.09507705 -1.02909781 -0.01730309 -8.015267932429767 -0.1251615254424594
2.2354330499153663e-07 8.123274949235043 0.19510298 0.02121027 0.64361751 0.91188419 -0.70536242 0.50721675 -0.01313714 -7.41885886357058 -0.7171553373787648
2.2733910518705688e-07 8.09204354830377 0.19349021 0.02140219 0.63991904 0.60054618 -1.18373181 0.16008057 0.01528261 -6.573969997233714 -1.549304952001329
2.3092724919341507e-07 8.081241639194525 0.44699177 0.02179677 0.46718539 0.77974385 -0.51669083 -0.96650645 -0.00444552 -7.190145159134312 -0.9018983891694582
2.3121593080082244e-07 8.079018268386074 0.49411842 0.02131196 0.5371458 0.79856697 -0.56524547 -1.09376056 0.00886372 -7.96349159524093 -0.1177500439535956
2.3241014461122082e-07 8.060523927987921 0.23324863 0.02214732 0.75211848 0.97459078 -0.67090312 0.57204592 -0.01998402 -6.894424541353116 -1.1845937270329585
2.3404321504671433e-07 8.05443909903333 0.38793418 0.02229057 0.4693111 0.51394354 -0.13559072 -0.69372072 -0.0026067 -8.022218391842175 -0.03830553614574562
2.340848392289265e-07 8.049665990654614 0.47444308 0.02144312 0.71407887 0.72412531 -0.83806524 -0.86491064 0.01485458 -7.881446100372918 -0.17299299866041032
2.3592547141928772e-07 8.028383237139781 0.24038561 0.02180342 0.86090362 0.62566586 -0.94495841 -0.58097298 0.00646398 -7.2632899408676055 -0.7863760497870089
2.4451187444535704e-07 7.968455893640663 0.23551121 0.02283392 0.65472476 0.59723093 -1.08405221 0.09712523 0.00866009 -7.917545218288381 -0.11083801885140086
2.521728773556857e-07 7.955327924472473 0.21904929 0.02239656 0.45240978 0.62009297 -1.16661062 0.24721369 -0.01427208 -6.403092928592849 -1.5653629650478147
2.525268256345434e-07 7.955108888978274 0.48008832 0.02219031 0.66808946 0.92647626 -0.77156168 -0.419613 -0.01356283 -7.620259379023944 -0.3350685454485298
2.5123220702961864e-07 7.955108888978274 0.48008832 0.02219031 0.66808946 0.92647626 -0.77156168 -0.419613 -0.01356283 -7.886567241935487 -0.06854164704278747
2.499168551603534e-07 7.955108888978274 0.48008832 0.02219031 0.66808946 0.92647626 -0.77156168 -0.419613 -0.01356283 -7.886567241935487 -0.06854164704278747
2.487391414529023e-07 7.9540575746246756 0.38236729 0.02267176 0.67576161 0.51120897 -0.82437254 -1.2553655 0.00450808 -7.886567241935487 -0.06854164704278747
2.485686815055257e-07 7.94599720515082 0.4301088 0.02244796 0.61672943 0.65511986 -0.40279547 -0.87212778 -0.01088176 -6.950309727619489 -1.003747847005187
2.484628442050534e-07 7.944395017502246 0.42484589 0.02242806 0.71938055 0.90486411 -0.84690345 -0.13240766 -0.01816702 -7.513214714428972 -0.4327824907218488
2.5168484961165255e-07 7.910024384145206 0.24357557 0.02210556 0.70546791 0.70925941 -0.73813314 -0.02776103 0.00881364 -7.5509378673364855 -0.3934571501657601
2.558887840588629e-07 7.900493286066779 0.12662188 0.02187135 0.54565027 0.74530347 -0.63761736 0.33972811 0.01045847 -7.89272742162422 -0.017296962520986392
2.5639058730765755e-07 7.895590769482851 0.12702967 0.02269885 0.79443075 0.80123732 -0.68524919 0.58915435 -0.01007484 -7.84827979153875 -0.05221349452802886
2.567995320423017e-07 7.88682032346273 0.26026005 0.02226407 0.81843286 0.86135749 -0.25081656 -0.21991664 0.01771407 -6.806639953861199 -1.088950815621653
2.587344563807125e-07 7.8701294307227965 0.2412316 0.02267331 0.85400445 0.5672353 -0.8112142 0.46476655 -0.00927114 -7.74605950161074 -0.14076082185198907
2.6088857451917033e-07 7.859696919622739 0.23452526 0.02237104 0.88675193 0.96698603 -0.27407565 -0.1987589 -0.01683947 -6.861598367698508 -1.0085310630242883
2.6121213488348565e-07 7.857126250010951 0.47272193 0.02163806 0.54311023 0.67628487 -0.89805765 -0.76172429 -0.01696643 -7.568509759221836 -0.29118716040090303
2.642290637432325e-07 7.826464505982338 0.43504491 0.02192289 0.54657982 0.91220366 -0.86519872 -0.64445551 0.00903785 -7.512430366931249 -0.34469588307970117
2.6862174244564404e-07 7.813459125530104 0.33640752 0.02199937 0.67122366 0.95766042 -0.94846207 -0.47314105 -0.01444787 -7.804179468886779 -0.022285037095559564
2.6918026771432146e-07 7.811770088251916 0.32210151 0.02171613 0.88051349 0.8077557 -0.50476666 -0.27889815 0.01741687 -7.812453378266027 -0.0010057472640763313
2.709911243707328e-07 7.789672229732656 0.16939005 0.02161553 0.88382725 0.60716962 -1.00437791 0.5519978 -0.01280273 -7.59357943581134 -0.2181906524405761
2.728014136921101e-07 7.787834066500822 0.15935166 0.02179581 0.89106607 0.68375833 -0.97287466 0.06526057 0.01469726 -7.403098414167098 -0.38657381556555814
2.741730302185003e-07 7.769228620429655 0.30172959 0.02146222 0.52744935 0.50683604 -0.44704441 -0.20760904 0.01553163 -7.669065922500691 -0.11876814400013139
2.763833777486652e-07 7.761205811705759 0.35734636 0.02256793 0.88646423 0.5271917 -0.52638025 0.08630016 -0.01151339 -7.034063063691374 -0.7351655567382812
2.777554373349226e-07 7.748847890650669 0.42235529 0.02124004 0.77117219 0.54963041 -0.83653363 -0.32201485 -0.00727009 -7.0517812658480254 -0.7094245458577333
2.7801256114514594e-07 7.748818336934098 0.49082703 0.02118966 0.69967765 0.94647466 -0.47063363 -0.7394245 0.01522913 -6.311382556990979 -1.437465333659691
2.8182605512118205e-07 7.7114507265951655 0.12064297 0.0227218 0.6506377 0.51131592 -1.29544521 -0.55618708 -0.00270067 -6.119649176543938 -1.6291691603901608
2.8586269862458646e-07 7.709528352781489 0.35229131 0.02132913 0.4312598 0.63430907 -0.6670635 -0.35965123 -0.0025649 -6.5476347991056345 -1.163815927489531
2.848391340565736e-07 7.708125666431526 0.34304647 0.0228428 0.58027709 0.85026104 -0.8755131 -0.12691502 -0.01946313 -6.581696899567408 -1.1278314532140807
2.8360113804033473e-07 7.707740729208177 0.12590338 0.02172337 0.51865706 0.54165639 -1.32681091 -0.73619695 -0.01188907 -6.108400198664955 -1.5997254677665704
2.821706138629532e-07 7.707740729208177 0.12590338 0.02172337 0.51865706 0.54165639 -1.32681091 -0.73619695 -0.01188907 -7.499825875902179 -0.2079148533059976
2.806932808060793e-07 7.707740729208177 0.12590338 0.02172337 0.51865706 0.54165639 -1.32681091 -0.73619695 -0.01188907 -7.499825875902179 -0.2079148533059976
2.7940875435833863e-07 7.706415989698295 2.79547447e-01 2.15640390e-02 6.96490967e-01 5.76999231e-01 -1.07046748e+00 -1.08090182e+00 5.90793725e-04 -7.499825875902179 -0.2079148533059976
2.787549717917463e-07 7.701931846382417 0.12590338 0.02172337 0.51865706 0.54046158 -1.32681091 -0.73619695 -0.01230336 -7.215157839207618 -0.49125815049067684
2.7791723706591724e-07 7.701931846382417 0.12590338 0.02172337 0.51865706 0.54046158 -1.32681091 -0.73619695 -0.01230336 -7.494016993076419 -0.2079148533059976
2.7646217299750906e-07 7.701931846382417 0.12590338 0.02172337 0.51865706 0.54046158 -1.32681091 -0.73619695 -0.01230336 -7.494016993076419 -0.2079148533059976
2.7513094755597067e-07 7.701087008690907 0.45345215 0.02267411 0.63755507 0.54339748 -0.27180344 -0.75007693 -0.00122067 -7.494016993076419 -0.2079148533059976
2.739616077419987e-07 7.699951635285201 0.25481726 0.02186142 0.59350814 0.62877882 -0.5872456 0.45470831 0.00595945 -6.690067276156888 -1.011019732534019
2.737909883810432e-07 7.691850341690067 0.37848226 0.02140205 0.54626648 0.56393256 -1.01914083 -0.41548857 0.00265831 -7.640528058848283 -0.05942357643691723
2.7356822340394143e-07 7.691064595556247 0.11755577 0.02174222 0.73174619 0.69307865 -0.58409214 0.32480746 0.00210067 -6.789531748026914 -0.9023185936631528
2.727496149182473e-07 7.687348574989697 0.35809771 0.02164446 0.48753414 0.61082653 -0.63066512 0.24632703 0.01136008 -7.508733171121717 -0.1823314244345296
2.7198054159725117e-07 7.686210130341357 0.46132387 0.02272201 0.81543391 0.67749491 -0.67173494 -0.99074088 0.00702148 -7.3541001454141055 -0.33324842957559103
2.7094152712059806e-07 7.684505255803874 0.41356728 0.02157062 0.67059546 0.62198336 -0.3354092 -0.31583626 0.01433513 -6.521703018111512 -1.1645071122298452
2.7129031471508164e-07 7.673169836733819 0.3642904 0.02233127 0.50330397 0.76969952 -0.77526479 -0.62467345 0.00485121 -7.20732808637966 -0.4771771694242136
2.714068513567711e-07 7.673115477827924 0.20559143 0.02232765 0.6425855 0.96130005 -0.59109884 0.18584826 0.0032429 -7.444221243742452 -0.22894859299136736
2.7242047338558514e-07 7.655295036915963 0.45245084 0.02121707 0.8105483 0.50812595 -0.57889493 -0.51444451 0.01770425 -7.4494648620750334 -0.22365061575289022
2.7364392083051177e-07 7.6535761707155645 0.24971034 0.0220359 0.71014439 0.56582395 -0.54435896 -0.08807502 0.00755371 -6.131927721070239 -1.5233673158457244
2.727876693552093e-07 7.6510651180231 0.48987862 0.02171334 0.74263569 0.58383387 -0.51604339 -1.62507027 0.01313457 -7.652979106754591 -0.0005970639609734117
2.722287605123667e-07 7.6471816140239675 0.23559166 0.02279264 0.67986108 0.81238833 -1.08823114 0.03819913 0.01970919 -7.428849007710744 -0.2222161103123563
2.7151134746182247e-07 7.645840705726555 0.48955476 0.02188198 0.60876372 0.51017679 -0.44550546 -0.27636654 0.01578608 -6.236567320191904 -1.4106142938320636
2.703378503356126e-07 7.645345433312048 0.12590338 0.02175481 0.59031566 0.54058694 -1.32681091 -0.74276862 -0.0075752 -7.600825147013747 -0.04501555871280817
2.6927197371304e-07 7.643244138074329 0.12590338 0.02175481 0.51865706 0.54058694 -1.32681091 -0.74276862 -0.0075752 -7.479175006550632 -0.1661704267614167
2.681436014540335e-07 7.643244138074329 0.12590338 0.02175481 0.51865706 0.54058694 -1.32681091 -0.74276862 -0.0075752 -7.477073711312912 -0.1661704267614167
2.667397082527037e-07 7.643244138074329 0.12590338 0.02175481 0.51865706 0.54058694 -1.32681091 -0.74276862 -0.0075752 -7.477073711312912 -0.1661704267614167
2.6534316527755894e-07 7.643244138074329 0.12590338 0.02175481 0.51865706 0.54058694 -1.32681091 -0.74276862 -0.0075752 -7.477073711312912 -0.1661704267614167
2.6458415356111796e-07 7.638480279779985 0.28105969 0.02197472 0.71129515 0.92080739 -0.48062663 -0.11012478 -0.01295961 -7.477073711312912 -0.1661704267614167
2.6382581614939524e-07 7.638480279779985 0.28105969 0.02197472 0.71129515 0.92080739 -0.48062663 -0.11012478 -0.01295961 -7.633634545655853 -0.0048457341241323
2.631043704513703e-07 7.633464455225087 0.39596575 0.02156547 0.45517276 0.6353698 -0.30040539 -0.67382243 0.01603843 -7.633634545655853 -0.0048457341241323
2.6385421347664196e-07 7.622314499291843 0.2366674 0.02258889 0.81962213 0.68339987 -1.09011014 0.23637558 0.00313331 -7.145288496159731 -0.4881759590653563
2.6487292103860524e-07 7.6152402967305335 0.15014287 0.02195963 0.65063771 0.59261617 -0.80601447 0.79383692 0.00939849 -6.857572247660345 -0.7647422516314978
2.6531819016732786e-07 7.608455473702256 0.29033943 0.02161197 0.55897092 0.55075382 -1.01434264 -1.07768589 -0.00761141 -7.606627538785775 -0.008612757944758426
2.650325765952931e-07 7.606884841914916 0.16744393 0.02267147 0.51726218 0.96789676 -1.03150693 0.34493725 -0.01605439 -7.215051515220791 -0.3934039584814654
2.6478468532819426e-07 7.5998400752718265 0.4111313 0.02163071 0.77561839 0.78128358 -0.51312533 -0.67330811 0.0082323 -6.604004644004439 -1.0028801979104773
2.645679649307225e-07 7.598012184233256 0.16852869 0.02273537 0.6037942 0.75769222 -1.08614309 0.20248977 0.01564515 -7.241735883924632 -0.3581041913471941
2.647705655109788e-07 7.587835447786774 0.12077946 0.02172337 0.48453746 0.54046158 -1.32681091 -0.71199761 -0.01233306 -6.388771768015039 -1.2092404162182169
2.660682651847755e-07 7.577734584949068 0.12590338 0.02172337 0.48453746 0.54046158 -1.32681091 -0.4933429 -0.01230336 -7.379920594480776 -0.2079148533059976
2.660119503891285e-07 7.577734584949068 0.12590338 0.02172337 0.48453746 0.54046158 -1.32681091 -0.4933429 -0.01230336 -7.36981973164307 -0.2079148533059976
2.6461921766457783e-07 7.577734584949068 0.12590338 0.02172337 0.48453746 0.54046158 -1.32681091 -0.4933429 -0.01230336 -7.36981973164307 -0.2079148533059976
2.646866113479848e-07 7.566756702866383 0.44680995 0.02120424 0.41191149 0.91799716 -0.49658409 -0.46334346 -0.01969565 -7.36981973164307 -0.2079148533059976
2.651497665290274e-07 7.563711472049358 4.52969002e-01 2.18082058e-02 7.65512466e-01 5.20030922e-01 -4.05829025e-01 -2.35078427e-01 -5.92771203e-04 -5.994312785121501 -1.572443917744882
2.6475580215402454e-07 7.559234529928438 0.23157665 0.02219514 0.65725566 0.8832038 -0.29823843 -0.08897049 0.01431123 -7.457717167184409 -0.10599430486494937
2.649966478764607e-07 7.551404523646772 0.15028934 0.02199101 0.88700676 0.92108499 -1.24768358 -0.01799116 -0.00263388 -13.563114510811062 -10.208610977579198
2.6671737735526214e-07 7.5358362637736045 0.2988883 0.02164468 0.60558569 0.74935633 -1.08532227 -0.63553977 0.00444059 -7.5494184170509335 -0.001986106595838192
2.67948656810984e-07 7.5316380319104015 0.22551921 0.02228358 0.57984804 0.50676373 -1.09017503 -1.14084903 -0.01956268 -7.202987051036511 -0.33284921273709295
2.674094296479414e-07 7.529363348951131 0.14665154 0.02121667 0.61863662 0.55866088 -1.20833709 -0.50205914 0.01292199 -7.367474776790326 -0.16416325512007518
2.6679712939032225e-07 7.5257260813643985 0.45147455 0.021585 0.6324346 0.85882987 -0.80184051 -0.58246968 -0.01417681 -6.0044666409463225 -1.5248967080048088
2.6664024351891784e-07 7.520045810691003 0.18315323 0.02208006 0.63549268 0.80124895 -0.84418683 0.70430629 -0.00564735 -7.078603601053167 -0.4471224803112313
2.661843088099054e-07 7.518642571862917 0.26877159 0.02149815 0.56603773 0.84516841 -0.69110181 0.0786839 -0.00536061 -7.511521723199148 -0.008524087491854822
2.658449225219725e-07 7.512108915540818 0.21678294 0.02240375 0.69792709 0.87295559 -0.56715551 0.42295361 0.01424507 -6.8751491138126175 -0.6434934580502991
2.655198826168093e-07 7.510580602700127 0.47767879 0.02199232 0.44201588 0.50555081 -0.07821414 -1.17284314 -0.01141131 -7.164129511922305 -0.347979403618512
2.652557705724036e-07 7.503612145348661 0.33984309 0.0226124 0.66941832 0.74112289 -0.76661389 0.23771278 0.00829777 -7.508770720140379 -0.0018098825597484792
2.6534989436634187e-07 7.499364703882394 3.11962988e-01 2.20238110e-02 7.33486643e-01 8.20413123e-01 -8.48061300e-01 -3.92235008e-01 6.79065116e-04 -6.674352110825275 -0.8292600345233855
2.652426330506153e-07 7.493924936510383 0.22959115 0.02165704 0.76575027 0.73452799 -0.64472185 0.15333855 -0.01919892 -7.499330385733208 -3.4318149186683344e-05
2.6501036892931566e-07 7.490613436349078 0.19015688 0.02178951 0.51900549 0.52088798 -1.01752026 -0.60482436 -0.00956137 -7.182630489526291 -0.31129444698409153
2.6700493703935554e-07 7.468548801277334 0.13487829 0.021445 0.83945202 0.82800088 -0.55083668 0.44683223 0.00948581 -7.365077548899523 -0.12553588744955554
2.6951249368735816e-07 7.46131091368742 0.43382392 0.02138429 0.41719626 0.52499489 -0.48965852 -0.8008325 -0.01380966 -6.687306005802575 -0.7812427954747586
2.7003960175503165e-07 7.4541420940068805 0.36988459 0.0224628 0.85392509 0.74918576 -0.88357736 -0.73248906 0.01387247 -6.5063676491965365 -0.9549432644908834
2.706278747711543e-07 7.446461900253334 0.27470018 0.02255703 0.4366097 0.82959559 -0.81469684 -0.01514565 -0.00308607 -6.990843062422712 -0.46329903158416824
2.709105434794668e-07 7.441546781294594 0.3854309 0.02228846 0.59677764 0.60255034 -0.72188058 -0.86200934 -0.01190852 -6.764992367095291 -0.6814695331580429
2.703094183012466e-07 7.440400221471388 0.46237129 0.02161453 0.84365275 0.66325761 -0.18521233 -0.78575711 -0.00105611 -7.27124879943763 -0.17029798185696435
2.694289318137163e-07 7.437575025962788 0.24566235 0.02250002 0.82243172 0.86568674 -0.89826487 0.48987667 0.01937742 -7.051924413783545 -0.38847580768784373
2.708085106942835e-07 7.419764186149964 0.28105969 0.02200991 0.71129515 0.53868151 -1.02419817 0.38825236 -0.00721734 -6.893115870967672 -0.5444591549951158
2.735553935606831e-07 7.4068543370745035 0.36357181 0.02159308 0.60594632 0.69299457 -0.83993621 0.20003553 -0.0061021 -7.419523461686672 -0.00024072446329161714
2.74283059569231e-07 7.403912971442301 0.40137248 0.02261758 0.47479556 0.66580489 -0.88767267 -0.209463 -0.00409808 -6.9761776108536955 -0.4306767262208079
2.743154898315308e-07 7.3961321387237415 0.47824953 0.02154736 0.7309756 0.56023008 -0.43157887 -1.34232024 0.01766995 -6.560107613436482 -0.8438053580058186
2.7560313934518415e-07 7.384069375173908 0.47858761 0.02211911 0.5275335 0.79628803 -0.14692813 -1.13397917 0.00611109 -6.868277449940376 -0.5278546887833657
2.775694142238053e-07 7.3714188319379765 0.27687076 0.02237128 0.49822181 0.73631478 -0.36996609 -0.03037384 -0.01446786 -7.360857205888641 -0.023212169285267193
2.7924851124472795e-07 7.361493157423085 0.44795475 0.0224497 0.77693006 0.69345582 -0.4725647 -0.92179735 0.00998035 -7.0798430684305504 -0.2915757635074264
2.79605731244666e-07 7.358341171283107 2.35266438e-01 2.27200026e-02 4.29065493e-01 5.48923908e-01 -9.77818549e-01 -1.40440742e-01 -9.41177242e-04 -6.925187070185754 -0.43630608723732994
2.790545490540077e-07 7.354941309921097 0.44249087 0.02166892 0.83158223 0.95537622 -0.69276718 -0.14055046 -0.00672948 -6.200487728981984 -1.157853442301123
2.7823399574784275e-07 7.353729552955925 0.2198137 0.02159519 0.65573011 0.68760696 -0.89820345 0.05749757 -0.01284167 -7.063684674892034 -0.29125663502906246
2.7721173641328106e-07 7.35180488794534 0.1793311 0.0219212 0.56798186 0.6924961 -0.49967359 0.40175254 0.01947064 -6.927293977760295 -0.4264355751956306
2.7729613053633413e-07 7.342642118350266 0.42381594 0.02186181 0.6373371 0.6914768 -0.40789229 -0.7792924 -0.00566808 -7.32873830270729 -0.023066585238050146
2.772710757910904e-07 7.3414662484914865 0.39850889 0.02226988 0.79799515 0.60908505 -1.00325711 -0.35820802 0.00177125 -7.283512378129142 -0.05912974022112432
2.797857542560198e-07 7.314270938851797 0.40107534 0.02261196 0.8633243 0.5620791 -0.4527218 -0.54902427 0.01932279 -7.193927903241731 -0.14753834524975554
2.8231728542966705e-07 7.312768376254092 0.32059961 0.02232985 0.68925798 0.60825196 -0.81183514 0.36982148 0.00540201 -6.486242371501384 -0.828028567350413
2.817216501020284e-07 7.308001417612985 0.43336716 0.02129736 0.73786618 0.58996384 -0.62539114 -0.65017907 -0.01211745 -7.085911065419942 -0.2268573108341502
2.811034788972785e-07 7.306657781357874 0.17399287 0.02255193 0.47332356 0.8418389 -0.66747809 0.45695987 0.01641066 -6.074044790800741 -1.2339566268122435
2.806048799812995e-07 7.301060676574707 0.17659014 0.02260792 0.77634147 0.65648834 -0.61731657 0.92200547 -0.00217369 -6.6380641467467365 -0.6685936346111374
2.8204497998393715e-07 7.2859701621602895 0.37253161 0.02144419 0.54020936 0.8898025 -0.78028247 -0.35063863 0.00197332 -11.5784356906962 -0.8167497846996741
2.827669684513009e-07 7.285391990619181 0.28049213 0.02155769 0.63802923 0.65391033 -0.57467759 0.00571389 -0.01168626 -6.50251383339976 -0.7834563287605296
2.8297217708496186e-07 7.274052605616449 0.25172267 0.0214782 0.54298649 0.63203302 -0.9382119 -0.26757646 0.00344899 -6.780360242465515 -0.5050317481536662
2.8316121692099414e-07 7.273525547216682 3.88236683e-01 2.15749200e-02 8.10103177e-01 5.23678385e-01 -9.83423021e-01 -1.27727699e+00 1.26561843e-03 -6.580416216984158 -0.6936363886322907
2.819802829902578e-07 7.271912987527107 0.49279068 0.02215422 0.71530432 0.52329377 -0.23516443 -0.68272174 -0.01468133 -6.805434363066255 -0.46809118415042633
2.839103010174222e-07 7.249509270832748 0.36347717 0.02222979 0.61468567 0.95112938 -0.95018075 -0.28600424 0.01645577 -7.229347107874306 -0.04256587965280136
2.8615591426437335e-07 7.245535803331606 0.48008832 0.0225449 0.66881408 0.92647626 -0.19758988 -0.90197864 -0.00693912 -7.145512259242299 -0.10399701159044887
2.8574307231250994e-07 7.24189743845939 0.28123207 0.02136365 0.42977926 0.87645653 -0.63932785 0.21787381 -0.0018534 -6.594492467898285 -0.6510433354333207
2.871480200745293e-07 7.225293159484863 0.34790374 0.02251789 0.73955034 0.53274243 -0.53420321 -0.25617622 0.00218601 -6.2239542648567845 -1.017943173602606
2.906824772174511e-07 7.20694655889083 0.36797588 0.02234516 0.700767 0.6453595 -0.612271 -0.51145625 0.00560249 -6.572007469912981 -0.5857658949369461
2.923873904978045e-07 7.203018007960149 0.39281601 0.02159765 0.68675335 0.69445145 -0.43455113 -0.16055273 0.00523773 -6.957119934073005 -0.2498266248178246
2.927420250798221e-07 7.194039824793648 0.4213992 0.02162704 0.62190816 0.85160266 -0.6819171 -0.59907536 -0.01335221 -6.781514514866533 -0.42150349309361634
2.942602029949443e-07 7.182188936171453 3.08723170e-01 2.23273403e-02 7.59619198e-01 8.95551680e-01 -8.19665438e-01 -1.90720816e-01 7.37711486e-04 -6.829166636140798 -0.3648731886528504
2.968601478421166e-07 7.165978248024425 0.22842847 0.0213569 0.84813606 0.64569059 -1.0742709 0.03708799 0.00247148 -6.958989327908683 -0.22319960826277
2.979353611460957e-07 7.164394337997836 0.27345693 0.02179482 0.81675092 0.84727156 -0.44080594 0.12281431 -0.0150243 -6.12698035867504 -1.0389978893493845
2.9774016233955033e-07 7.156804084777832 0.28530756 0.02269378 0.64337781 0.70567823 -0.28211967 -0.26375329 -0.0100497 -7.0445811710937365 -0.1198131669040996
3.0044967849973776e-07 7.135872527736968 0.10184953 0.02166758 0.52404213 0.66033144 -0.56044526 0.51135283 0.019839 -7.386449729676701 -1.0727219620854493
3.022046224508813e-07 7.134548150971067 1.80487055e-01 2.13361489e-02 6.51570152e-01 8.30494924e-01 -1.14538868e+00 -6.32019836e-02 5.20053490e-04 -6.842391648358551 -0.2934808793784174
3.029112980744339e-07 7.120749634256578 0.33708102 0.02146192 0.75308165 0.8535533 -0.49069188 -0.13811856 -0.01025833 -6.0295095421535265 -1.1050386088175406
3.0669541969729146e-07 7.099286761644938 0.4759692 0.02180125 0.53737243 0.54075254 -0.86765395 -0.60166969 0.01582069 -6.384810357909453 -0.7359392763471247
3.098023690512352e-07 7.089998452811014 0.35117386 0.02157668 0.77390176 0.90809277 -0.56325279 0.08872602 0.01997144 -6.986211361070079 -0.11307540057485946
3.1046606087192905e-07 7.084494025148981 0.17657548 0.02208005 0.87263274 0.53604561 -0.89294928 0.36980189 0.01012581 -6.625603525122978 -0.46439492768803625
3.1007581912824466e-07 7.082009200417572 0.34532488 0.02191568 0.7950829 0.68071835 -0.55742767 -0.35462152 0.01030825 -7.07597275462875 -0.008521270520231475
3.0897097009264123e-07 7.081133003406597 2.09942875e-01 2.23487778e-02 6.98064484e-01 8.00629736e-01 -4.86944927e-01 1.31856439e-01 -7.56448395e-05 -7.056294873065696 -0.025714327351876058
3.1122027321203685e-07 7.0571469046976185 0.36177261 0.02220535 0.63354527 0.76878621 -0.62318427 -0.39523825 0.00751669 -6.825710354397339 -0.25542264900925804
3.144255565237965e-07 7.050010377448638 0.32381495 0.02181003 0.82610602 0.89002372 -0.70549083 0.31385776 -0.00214295 -6.975966533019501 -0.08118037167811727
3.142197015960025e-07 7.04794635759455 0.18237532 0.02240223 0.87307056 0.53435645 -1.24859888 -0.62738697 -0.01650824 -6.945833529930022 -0.10417684751861644
3.131373028035685e-07 7.0464125215857205 0.37999726 0.02182638 0.69383535 0.95702225 -0.69187175 -0.3584517 -0.01294706 -6.7027225625190265 -0.34522379507552386
3.132426358111927e-07 7.036797523498535 0.44210272 0.02312014 0.85314381 0.62331348 -0.50752518 -0.27244174 0.00652017 -6.957832842536394 -0.08857967904932641
3.156011602637277e-07 7.020951112737996 0.16181395 0.02202409 0.5487425 0.86550442 -0.9777692 0.45297801 0.00343472 -6.519674972720605 -2.8599186639122123
3.175250164116818e-07 7.014093109752976 3.20925131e-01 2.25253199e-02 7.90512549e-01 9.35090936e-01 -8.05081125e-01 -1.09806737e-01 5.89248326e-04 -7.020911626867375 -3.948587062083748e-05
3.1734950852521896e-07 7.011548042297363 0.48761835 0.02233304 0.82944363 0.64202836 -0.38716402 -0.30708824 0.00537298 -6.410718353206456 -0.6033747565465203
3.1689637783802393e-07 7.006457019101625 0.28238881 0.02255575 0.66657237 0.779947 -0.85325375 0.29853221 0.01623951 -8.005265405284813 -0.23154962159101222
3.1698914675523417e-07 7.0004664241392245 0.32345557 0.02229459 0.48717638 0.69354701 -0.39975946 -0.21788647 -0.01668974 -6.32822548945704 -0.6782315296445851
3.164622180970495e-07 6.999277040330891 0.3565675 0.02236374 0.88459807 0.75877094 -0.76971384 -0.47454142 0.01874246 -6.822297434385763 -0.1781689897534615
3.15967800905953e-07 6.993103981018066 0.43324258 0.02239731 0.44700358 0.69153848 -0.54757171 0.23047445 -0.00454075 -6.7200747333214705 -0.27920230700941995
3.161196355800182e-07 6.987814949328014 0.21082471 0.02207604 0.44900315 0.63181369 -0.4314279 0.08233393 -0.0127325 -10.119897800524546 -0.33639948483880067
3.15595045825012e-07 6.985920861355966 0.32773936 0.02218112 0.78112731 0.82067933 -0.40157796 -0.27216676 0.01387501 -6.980393959486402 -0.007420989841612228
3.172443443535268e-07 6.966980249755673 0.11145934 0.02162378 0.67912616 0.77961618 -1.2339422 -0.4780019 -0.01458622 -6.92458285917955 -0.061338002176416086
3.186730414855639e-07 6.966345865830533 0.40842879 0.02158987 0.50164738 0.66834452 -0.86083899 -0.23729138 0.01600275 -6.596013830839152 -0.3709664189165208
3.174370321066807e-07 6.964254838979835 0.28323012 0.02245675 0.424237 0.98472576 -0.80247311 0.068075 -0.01355484 -6.529169490726925 -0.4371763751036082
3.1884384615379174e-07 6.947075843811035 0.42401425 0.02087282 0.6887564 0.73918111 -0.54135527 -0.20357228 -0.00598946 -6.513529142739069 -0.45072569624076647
3.2065155031739835e-07 6.942380763469145 3.38433825e-01 2.20404622e-02 7.20421152e-01 7.95092739e-01 -7.99951525e-01 -3.86202929e-01 -7.13838142e-04 -6.291843773658516 -3.1097131591368887
3.203641306221942e-07 6.938369171200003 0.36142211 0.02237995 0.75559923 0.77517252 -0.50037009 -0.29931365 -0.00651831 -6.941391394488322 -0.0009893689808227139
3.1986053239184954e-07 6.93502720575787 0.23627836 0.02221484 0.41310459 0.78690922 -0.7744896 0.51470501 -0.00374263 -6.632221714029162 -0.3061474571708405
3.2119327323064437e-07 6.919611131057577 0.45102522 0.02194766 0.73883408 0.64961133 -0.47358459 -0.24618681 0.00635406 -6.8453224497518095 -0.08970475600606069
3.2203676664044993e-07 6.919223754438411 0.38399954 0.02191088 0.67928369 0.64709149 -0.30761608 -0.50129349 0.00232845 -6.907245021539745 -0.012366109517831972
3.204316463720244e-07 6.919105863993538 0.45301817 0.02199611 0.74383797 0.55950808 -0.36094168 -1.02644923 0.00352208 -6.891086606319298 -0.028137148119113
3.207162310163725e-07 6.906986290248493 0.16563702 0.02229932 0.88552113 0.78342425 -1.22318422 -0.10888022 0.01443808 -6.9177571746404585 -0.0013486893530799363
3.216547926579786e-07 6.902730596477297 0.33748031 0.02147706 0.62985476 0.85447635 -0.63937657 -0.08116305 0.00204676 -6.722623379240228 -0.18436291100826468
3.2314034320908796e-07 6.887326710126045 0.21507489 0.02207398 0.77335559 0.77461772 -0.81464077 0.25196747 0.00190276 -6.206174151403853 -0.6965564450734442
3.23984464461788e-07 6.88695492492662 0.47357432 0.02241033 0.49237269 0.92647626 -0.23439169 -0.72762592 -0.01503852 -6.880441327550857 -0.0068853825751878355
3.2298281963407114e-07 6.88302469273667 0.23555681 0.02197231 0.45428065 0.67235862 -0.6177096 0.39812712 0.01615841 -6.526935355022132 -0.36001956990448847
3.228131477330502e-07 6.877510883944607 3.85759766e-01 2.17911645e-02 8.54508838e-01 6.08894274e-01 -3.74724030e-01 -4.88304316e-01 5.76111339e-04 -6.877649961320599 -0.005374731416070987
3.2359998609649665e-07 6.867673620538363 3.76439641e-01 2.20661441e-02 5.73278333e-01 6.91569318e-01 -5.01627730e-01 -9.64330903e-03 -2.46086641e-04 -6.7537733976344505 -0.12373748631015649
3.244742402931128e-07 6.861601181925522 0.26500057 0.02228101 0.55365646 0.70305192 -0.67325113 0.108554 -0.0188416 -6.86264225441243 -0.005031366125932601
3.2446206060397027e-07 6.857245507912931 0.38809299 0.02141474 0.82737661 0.62396173 -0.79893918 -0.44990744 -0.00332656 -6.700628132971176 -0.16097304895434592
3.25638762102204e-07 6.843902113528305 0.22888641 0.02241413 0.71247425 0.84286626 -0.83022246 0.27845217 0.01238591 -5.991608920891444 -0.8656365870214868
3.277352978376752e-07 6.833892157600357 0.14874426 0.02210785 0.57552299 0.56186034 -1.27444037 -0.30266811 -0.00540738 -6.476840579646606 -0.3670615338816983
3.28930706417304e-07 6.826111793518066 0.31444494 0.02291266 0.46659697 0.63443464 -0.60921754 -0.04957649 -0.01838876 -6.815655599891787 -0.018236557708569707
3.288270308933947e-07 6.824009895324707 0.2899702 0.02180925 0.65668222 0.87240647 -0.66492452 0.03668657 -0.00171071 -6.489286500995065 -1.8829102171538203
3.2864093164808905e-07 6.81675734500267 4.69942388e-01 2.15468053e-02 6.33604510e-01 5.38084828e-01 -7.23414763e-01 -1.21628480e+00 -8.91922514e-04 -6.62146073304563 -0.10495154056329054
3.2987106075827973e-07 6.806054488283564 0.49541306 0.02166634 0.70807812 0.65677617 -0.48936379 -1.13772188 -0.00871817 -6.2876617405088195 -0.5290956044938503
3.3036504345469886e-07 6.803239212555466 0.26753374 0.02149197 0.78491055 0.92792161 -0.77545829 0.30144017 0.00896027 -6.5105108063443 -0.29554368193926456
3.2991782021451767e-07 6.798269253331121 0.47619166 0.02171613 0.49237269 0.86621888 -0.35195385 -0.50884157 -0.01037508 -6.144415884162908 -0.6588233283925587
