6.479619553963856804e-01 2.325311922073364101e+01 1.477466314985909079e+00
9.285726603436271764e-01 2.353651870727539119e+01 1.578146888566199779e+00
6.180034013867555798e-01 2.336853588104247947e+01 1.588768699097456993e+00
7.996020440863883805e-02 2.237659051895141715e+01 1.477541282519378552e+00
1.278931245044498954e+00 2.411739658355712734e+01 1.352916650584653713e+00
1.036956918715058018e+00 2.368617233276367173e+01 1.375409523359041764e+00
1.961418115685889196e+00 2.451458969116210795e+01 1.823040674469112554e+00
2.576084671429525880e-02 2.182666578292846538e+01 1.351943177992103839e+00
1.715909048637251022e+00 2.401445350646972798e+01 1.517314330856042170e+00
4.545198359967687063e-01 2.293078531265258846e+01 1.424406677333028615e+00
1.721779032330701953e-01 2.232375797271728501e+01 1.340461085674961472e+00
-1.159685219590835814e-01 2.154982578277587990e+01 1.314413390603367260e+00
1.157124080837818036e-01 2.213655658721923913e+01 1.405810766394095745e+00
4.968499825235859757e-01 2.300334701538086080e+01 1.312034636147765276e+00
-1.452728959378604134e-01 2.151768062591552777e+01 1.406639548076673130e+00
1.114742900063261377e+00 2.359375988006591740e+01 1.413700592302417958e+00
5.154272496980945029e-01 2.302425830841064425e+01 1.458949297067599460e+00
-1.994361110890628952e-01 2.145277873992920092e+01 1.397585694063307127e+00
2.251989705522808194e+00 2.490540658950805764e+01 1.665399764855997500e+00
2.172573695478942302e+00 2.432914699554443416e+01 1.432769489596462664e+00
1.334963029676094370e+00 2.372689086914062528e+01 1.457374586365531410e+00
1.089439505610200865e+00 2.365084774017334013e+01 1.472671780781938944e+00
2.071472159550436842e+00 2.420725845336913906e+01 1.569786176291967594e+00
1.028098381391182148e+00 2.323337127685546832e+01 1.444860627035924105e+00
1.681530261601468679e+00 2.406116622924804815e+01 1.654697937977775979e+00
9.197827938517199042e-01 2.321641521453857493e+01 1.483994928827006676e+00
9.631104745692304903e-01 2.330732749938964687e+01 1.403090602016396682e+00
1.430599813081671057e+00 2.388181667327880930e+01 1.506102590201536362e+00
-4.112024998612003879e-01 2.094358922958373981e+01 1.198623184041871514e+00
1.600339652689376502e+00 2.423796550750732592e+01 1.569023065025968888e+00
1.932572752005003114e+00 2.409160320281982592e+01 1.526107966866222299e+00
1.593870572154468812e-01 2.236560327529907255e+01 1.308447830112201560e+00
8.491385790281907875e-01 2.332484262466430636e+01 1.386653363027481101e+00
1.896415751846680431e+00 2.428853374481201044e+01 1.605762109161686935e+00
2.430895294071087509e+00 2.470651216506957937e+01 1.720259695579092973e+00
1.636496652847699629e+00 2.397465614318847571e+01 1.517888437548306380e+00
9.365529338691747085e-01 2.349333759307861413e+01 1.392667940513655500e+00
9.394840941179152249e-01 2.339447780609130945e+01 1.323811296107087143e+00
1.708629940448640472e+00 2.397371047973632940e+01 1.450852069098444330e+00
9.574758520935383599e-01 2.356211458206176701e+01 1.497281644195740613e+00
2.131212169108305687e+00 2.446552822113036996e+01 1.586693895974262913e+00
1.607557318554647452e+00 2.401902915954589801e+01 1.385715069198249827e+00
2.257646013524384543e+00 2.451547130584716783e+01 1.666367418563157843e+00
6.866670048461541720e-01 2.319409690856933537e+01 1.270620949861488880e+00
1.481137931155824816e+00 2.391811531066894503e+01 1.621351208606569338e+00
1.134502028398482798e+00 2.355846893310546974e+01 1.544297332223313113e+00
1.596718169866641723e+00 2.420762668609619084e+01 1.472296644426925649e+00
4.013866833250865351e-01 2.297656726837158203e+01 1.436756994312603064e+00
2.383971430311040862e+00 2.441575942993164006e+01 1.480892173089766839e+00
9.394840941179152249e-01 2.334472583770751797e+01 1.411822464079672157e+00
1.361947052385215073e+00 2.378211006164550767e+01 1.363443878220623295e+00
1.222534420727178661e+00 2.358703037261962976e+01 1.399267089189474511e+00
1.858888949303310723e+00 2.406867658615112404e+01 1.464846139323236374e+00
1.077299225369116042e+00 2.370584682464599524e+01 1.295110331227037559e+00
1.690804872858810148e-01 2.235703140258788935e+01 1.319297316308067236e+00
3.355024414332362093e-01 2.276220653533935590e+01 1.335573243060413029e+00
1.256516074475752254e-01 2.227135541915893668e+01 1.402164067170679651e+00
4.621784408883610751e-01 2.303437778472900277e+01 1.489222540275580542e+00
7.190832517893764875e-01 2.357539722442626839e+01 1.425779033002121832e+00
1.482536647575383837e+00 2.366164363861084041e+01 1.387857433463838053e+00
1.366768467640232965e+00 2.379242404937744126e+01 1.568065125936396687e+00
1.511494053140006510e+00 2.386617891311645678e+01 1.428362922630256993e+00
1.526348638370985000e+00 2.415141651153564339e+01 1.547085730453430230e+00
9.308717607747411804e-02 2.225545349121093608e+01 1.352836798033376864e+00
9.687306400276662899e-01 2.369718883514404340e+01 1.438570072997051641e+00
6.901113892074978162e-01 2.330999839782714744e+01 1.339421254728687227e+00
1.072810321510995868e+00 2.381115577697753949e+01 1.490259824617721884e+00
1.155988770295846901e+00 2.360742343902587947e+01 1.542240539281797940e+00
2.454044592952941528e+00 2.452664653778076342e+01 1.679762721861108865e+00
5.305059186965471740e-01 2.313365404129028491e+01 1.327413334957110891e+00
1.036707535167384675e+00 2.368248268127441492e+01 1.274306344158565807e+00
-2.180025355006288412e-01 2.149603448867797795e+01 1.349136940978507448e+00
1.248058719380742282e-01 2.249604452133178611e+01 1.229061995467894519e+00
1.513984274362426108e+00 2.403893676757812514e+01 1.535540828912687727e+00
4.617266590990976027e-01 2.312234107971191577e+01 1.448318805829942324e+00
2.121377783119621441e+00 2.465466365814209126e+01 1.662889094743636997e+00
8.269434432852619254e-01 2.351664482116699162e+01 1.489038674199634871e+00
4.962215369602744619e-02 2.207330787658691307e+01 1.277827134338402892e+00
1.542840480806253689e+00 2.409419136047363352e+01 1.419576141916117917e+00
2.385308704407260283e+00 2.475087131500244197e+01 1.713411516484389052e+00
1.803124619490958702e+00 2.447214225769042883e+01 1.709602655875477994e+00
1.770592716409684853e+00 2.431332691192626783e+01 1.454943323292097190e+00
2.265987712481342786e+00 2.450475585937499901e+01 1.786889961388105297e+00
1.785179846821419503e+00 2.411529731750488281e+01 1.510324302868567559e+00
6.041431707794990558e-02 2.201503982543945170e+01 1.373979496222383689e+00
2.302086884570640368e+00 2.455194755554199304e+01 1.538084065880217066e+00
1.759836695570903498e+00 2.397998012542724666e+01 1.671967833471209808e+00
1.564547692216778030e+00 2.403421764373779368e+01 1.535848871943751748e+00
1.038908616044675437e+00 2.371825950622558565e+01 1.464858786173750538e+00
2.002898912448890290e+00 2.415292613983154268e+01 1.525217269458249980e+00
8.114744348208852154e-01 2.345183837890624901e+01 1.485545145586818494e+00
1.753735834288691287e+00 2.412294250488281122e+01 1.479526595441378323e+00
2.548033276391284740e+00 2.468644439697265724e+01 1.485827216799878725e+00
1.096689699764298531e+00 2.388393142700195426e+01 1.435753377926845209e+00
3.565374015413373399e-01 2.265435773849487333e+01 1.315820700705697455e+00
2.205040541982562274e+00 2.451154682159423714e+01 1.490010762235563169e+00
1.363851764408748890e+00 2.377618156433105412e+01 1.423919228455983843e+00
1.349416432678207212e+00 2.388592056274413977e+01 1.617850010774561254e+00
1.306099594723638679e+00 2.378208721160888572e+01 1.444061576275474712e+00
1.602092566031718013e+00 2.423574878692626910e+01 1.649627276899669592e+00
2.197815647608662992e+00 2.452998310089111200e+01 1.709858649012595766e+00
1.952324651831596203e+00 2.406576766967773295e+01 1.642668370886130713e+00
1.537126344735650907e+00 2.396081565856933437e+01 1.519491934154966195e+00
6.886909872620535777e-01 2.316692802429199105e+01 1.424706023636999275e+00
5.226268442917949564e-01 2.306128631591796818e+01 1.460361121328153766e+00
5.298264388854951878e-01 2.312094993591308523e+01 1.289000848579336722e+00
2.295292086460119396e+00 2.492626937866210923e+01 1.503017964052331346e+00
2.183387544386749202e+00 2.454248153686523537e+01 1.464171686146499063e+00
1.867548702639909797e+00 2.414115142822265625e+01 1.524851380914153509e+00
1.109195019691107786e+00 2.348139175415039048e+01 1.556374117756027520e+00
8.636136675561880693e-01 2.315073997497558622e+01 1.354312646360438022e+00
1.054977590725193481e+00 2.346947479248046875e+01 1.526127968686910474e+00
1.824199336396514992e+00 2.415844001770019389e+01 1.488582902579654421e+00
8.708060336412600799e-01 2.327456047058105426e+01 1.662340666972094594e+00
9.214200510560098811e-01 2.348895154953002873e+01 1.336789676271139538e+00
8.455134819511418431e-01 2.325947517395019659e+01 1.251032925169000221e+00
1.954200449820617358e+00 2.426210224151611428e+01 1.648829887391879856e+00
1.488362825529723876e+00 2.405953151702880888e+01 1.399492821685696331e+00
1.932551066479118562e+00 2.416947868347168082e+01 1.522532707102165705e+00
-2.234347597347310643e-01 2.138082384109496914e+01 1.232515992860074849e+00
9.467126027461285620e-01 2.360650161743163977e+01 1.436465765944561879e+00
1.582232238575702166e+00 2.385675569534301843e+01 1.554755925591349897e+00
5.963359467736861763e-01 2.323396102905273608e+01 1.633249632542020935e+00
1.932583594767945279e+00 2.420221611022949304e+01 1.587473280521270125e+00
1.318666356973787757e+00 2.386042663574218636e+01 1.426892149437394730e+00
8.491277362652485117e-01 2.340584535598754812e+01 1.540777633088147525e+00
2.629619104012746907e-03 2.194705793380737191e+01 1.399429118528874527e+00
5.670749438466786696e-01 2.338987722396850444e+01 1.644922448756684918e+00
-5.003336255013849376e-01 2.065005634307861371e+01 1.146970307607687811e+00
2.162829665848110761e+00 2.456287616729736456e+01 1.679800673033027936e+00
1.294400253508875664e+00 2.362574783325195327e+01 1.428842696958024572e+00
5.490145150390876028e-01 2.288701118469238338e+01 1.284427933684255452e+00
2.162789909050655712e+00 2.418404914855956989e+01 1.662716445409734511e+00
2.057878949075080843e+00 2.440322845458984347e+01 1.406621248474748453e+00
3.789240927629139444e-01 2.288361820220947251e+01 1.258585510912089145e+00
1.113470682544695611e+00 2.393357074737548729e+01 1.418846888720614707e+00
1.359521887740449575e+00 2.354796813964843594e+01 1.474393586701430836e+00
1.489804913001052222e+00 2.391659208297729577e+01 1.568345875791931521e+00
9.108591999501902681e-01 2.346929340362548899e+01 1.444765543083968096e+00
3.427345643157637123e-01 2.295581920623779126e+01 1.299629101225956873e+00
6.792686262651778106e-01 2.321026041030883746e+01 1.494519400904844364e+00
7.661010861615902279e-01 2.346188241958618192e+01 1.328077893380281704e+00
1.149652982483217789e+00 2.390120903015136733e+01 1.580951963735719001e+00
1.486150901889490505e+00 2.380167858123779467e+01 1.399458561476289331e+00
1.003156847056874551e-01 2.219448049545287915e+01 1.489319899339986097e+00
1.033877574039439251e+00 2.362267490386962976e+01 1.281605812964784263e+00
9.307633331453189773e-02 2.225472509384155373e+01 1.253599651421948957e+00
1.366782924657489406e+00 2.391428577423095803e+01 1.387544978090372805e+00
1.136920399221962585e-01 2.215639524459838938e+01 1.306673327108240912e+00
2.383512420013149669e+00 2.468353481292724538e+01 1.392510376578962372e+00
1.981867566595104435e+00 2.429634140014648480e+01 1.484384466579131923e+00
1.573015890074729972e+00 2.413853134155273494e+01 1.256782033948339983e+00
2.177283068850223824e+00 2.481394088745117088e+01 1.478675078242362328e+00
1.155974313278590460e+00 2.369186485290527244e+01 1.357772663817572889e+00
3.461175063537675345e-01 2.281862567901611172e+01 1.425425624564529814e+00
6.931509770856614239e-01 2.323323436737060632e+01 1.368015854687864241e+00
2.049009568988264363e+00 2.453135570526123033e+01 1.430287870805487582e+00
1.741678681896831504e+00 2.402948810577392535e+01 1.683064465837299961e+00
5.665834052599603154e-01 2.303934543609619112e+01 1.395272399048293144e+00
1.723611024580612439e+00 2.433923397064209126e+01 1.429200653911432140e+00
9.281389498259343673e-01 2.341396278381347784e+01 1.334410761712947258e+00
1.416236766437411365e+00 2.390888790130615149e+01 1.695197323280230872e+00
1.741675067642517227e+00 2.422927700042724553e+01 1.629201466500110218e+00
1.600679392594902550e+00 2.404899894714355568e+01 1.389121677934076260e+00
1.231859196857574057e+00 2.374019968032837014e+01 1.641087147380437594e+00
2.088791666223636323e+00 2.459368680953979336e+01 1.658152055818281845e+00
1.524711381166694135e+00 2.388465152740478459e+01 1.578812834466699622e+00
1.427180728500526019e+00 2.389577541351318501e+01 1.536240587426039639e+00
1.492273448697587046e+00 2.361531250000000171e+01 1.365687392191095917e+00
9.245102384945712570e-01 2.369671688079834126e+01 1.651763606591085898e+00
1.688817032986050515e-01 2.236951990127563406e+01 1.416954065813455177e+00
2.302047127773185320e+00 2.434386127471923800e+01 1.695938028577067991e+00
1.904439396423997621e+00 2.432186033248901325e+01 1.631165133903684117e+00
1.174038356340495248e+00 2.361079460144042841e+01 1.581412888360662850e+00
-3.771200816791746568e-01 2.103555847167968906e+01 1.236461746705456610e+00
2.215359238049336543e+00 2.466740940093994183e+01 1.494934230455038815e+00
1.170420487772074969e+00 2.372077705383300739e+01 1.445580088522963713e+00
4.978981162746771161e-01 2.304833242416381722e+01 1.321238763195446086e+00
1.000420421853753572e+00 2.362417207717895451e+01 1.422030654290855844e+00
1.253602550811239391e+00 2.379288166046142550e+01 1.567763739154907743e+00
1.579044466270659974e+00 2.418568935394286967e+01 1.635225685046274524e+00
-2.794267875688714597e-01 2.119243656158447209e+01 1.256488038791358175e+00
5.304589333904637938e-01 2.341539154052734517e+01 1.292088217754257418e+00
-5.578580971647065789e-01 2.044443912506103445e+01 1.312641506087881993e+00
6.273426345344073063e-01 2.298855655670165987e+01 1.601101756563853895e+00
1.136428425947901388e+00 2.342383769989013587e+01 1.356485551952229640e+00
6.634562636409611081e-01 2.313903812408447180e+01 1.457792199410336220e+00
7.644963572461268564e-01 2.335042509078979478e+01 1.543622526073773260e+00
9.522857828984812034e-01 2.349247024536132855e+01 1.313432954772210781e+00
1.623799777442242798e+00 2.414663410186767578e+01 1.586727333518479055e+00
1.356652169815048437e+00 2.379409229278564553e+01 1.389362657966537684e+00
1.688094182123230369e-01 2.228356000900268441e+01 1.422961883127477511e+00
1.580457639707475659e+00 2.372090770721435504e+01 1.411978253472995881e+00
1.356663012577990823e+00 2.384452709197998033e+01 1.585573502362637166e+00
1.677937692813246562e+00 2.422810173034667969e+01 1.485290597953404790e+00
1.796594096632710691e-01 2.237260208129882955e+01 1.297611925881670736e+00
2.951890488136906798e-01 2.282479061126709041e+01 1.179157505809536266e+00
1.912625682445449060e+00 2.435143302917480312e+01 1.469688937916793670e+00
1.750179408043610385e+00 2.406265499114990192e+01 1.604738526489799977e+00
1.010066866618104298e+00 2.379235168457031335e+01 1.425814187948071243e+00
9.378468369136248040e-01 2.375730415344238367e+01 1.408030931187408852e+00
7.609110169665330714e-01 2.330166133880615220e+01 1.426289036584145853e+00
1.432457539799121937e+00 2.416510581970214844e+01 1.625700287140743105e+00
2.771430770233559993e-01 2.284797882080077969e+01 1.525834699247102133e+00
1.854833755962883579e+00 2.438597534179687543e+01 1.583883968734825398e+00
1.724128297634872631e-01 2.235024122238159094e+01 1.358683884346921111e+00
1.742925599635198441e+00 2.420441387176513715e+01 1.553617053600192310e+00
1.865680133159516974e+00 2.415407432556152401e+01 1.462448670332179290e+00
6.394467722323502468e-01 2.323303352355956974e+01 1.500398503326735522e+00
7.552366376933854486e-01 2.327912551879882841e+01 1.440694160760393361e+00
7.588545062618062831e-01 2.313857324600219556e+01 1.452496154069906842e+00
2.199001123023690329e+00 2.451532688140868999e+01 1.712680011630589361e+00
1.800977752428379874e+00 2.400868305206298814e+01 1.575479279335500804e+00
8.312516344276769109e-01 2.360793550491332837e+01 1.537972826135338478e+00
-7.174527249127146122e-01 2.019070730209350728e+01 1.168097040482449556e+00
1.873335123796795232e+00 2.434519397735595803e+01 1.572955560169823963e+00
4.332174210694241800e-01 2.304121540069580121e+01 1.421202099240952421e+00
1.459690946055915539e+00 2.413566837310791158e+01 1.420000470954039695e+00
1.300605928166196801e+00 2.384951591491699219e+01 1.481546533807676980e+00
4.291694562376244804e-01 2.305156185150146442e+01 1.349113455405671402e+00
1.456091148759065312e+00 2.396282390594482337e+01 1.672409765484255573e+00
-1.492485756833777100e-01 2.163998825073242216e+01 1.137721903937818579e+00
2.918314065558855197e-01 2.253249708175659194e+01 1.398228623887274091e+00
7.076947364456263045e-01 2.327651992797851577e+01 1.491419791515772753e+00
1.325880408584744652e+00 2.355249452590942383e+01 1.736734733387423457e+00
2.663693028697013077e+00 2.497600151062011875e+01 1.680521032514268986e+00
9.137108466040205768e-01 2.333227302551269489e+01 1.527767248963575852e+00
-1.999240354214672777e-01 2.127197832107544073e+01 1.176958845250561492e+00
1.434409237128739356e+00 2.411330493927001939e+01 1.201997527049022407e+00
-2.649480847865601785e-01 2.134423727035522589e+01 1.219475695774860702e+00
1.579019166490461146e+00 2.367148929595947138e+01 1.577356113657533587e+00
1.353041529755256045e+00 2.366380239486694492e+01 1.644143104353128715e+00
8.186668009059575590e-01 2.338815872192382983e+01 1.311986101349723599e+00
1.468556711888419297e+00 2.377325149536132898e+01 1.546102485095912860e+00
1.894521882586088557e+00 2.415279594421386733e+01 1.488880735615003115e+00
2.436085363266144999e+00 2.443776229858398352e+01 1.584153997682867576e+00
4.035010220988391461e-01 2.294969032287597699e+01 1.539678780486674059e+00
3.096171520356044704e-01 2.259487834930419936e+01 1.441789879756019799e+00
-8.028860337022240834e-02 2.179032773971557546e+01 1.443898418852599619e+00
3.524987903020200708e+00 2.600006881713867202e+01 1.722063373761957950e+00
2.519144541658630665e+00 2.495379543304443359e+01 1.475482035670620862e+00
1.864700670240394320e+00 2.436363548278808722e+01 1.557474435268815238e+00
2.880725386004803212e+00 2.539586917877197436e+01 1.676479946908358887e+00
3.278445159237729278e+00 2.552985221862792997e+01 1.714880751135647197e+00
2.350803418470484019e+00 2.475201362609863409e+01 1.413691793477753977e+00
2.338341469595444089e+00 2.473727722167968679e+01 1.600268136499758409e+00
-9.381716216208945136e-01 1.832846127510070744e+01 1.214933387308894996e+00
-7.039643278124685377e-01 2.009009798049926587e+01 1.200740838921794174e+00
-7.984409355832167154e-01 1.956181507110595774e+01 1.231077469997046814e+00
-1.010814519080124319e+00 1.716002451896667580e+01 1.255289149351734190e+00
-7.617562542950340188e-01 1.987591264724731488e+01 1.066612556480982077e+00
-2.446648895757935760e-01 2.123441541671752830e+01 1.352063573296507615e+00
2.040447835205487503e-01 2.242242872238159279e+01 1.267090977707545640e+00
-6.445459868885549115e-01 2.009057531356811666e+01 1.315631803008014966e+00
-8.490404959807100749e-01 1.918788904190063604e+01 1.094638280258859453e+00
-2.284730302485957765e-01 2.145043960571289077e+01 1.288413095361364391e+00
-8.851107540354945513e-01 1.869674715995788716e+01 1.238260278182821139e+00
-8.701838837182339637e-01 1.882188345909118610e+01 1.093261101713354222e+00
-5.716103348298824383e-01 2.072938217163085994e+01 1.382333502535030290e+00
-5.625024139583336691e-01 2.080119564056396442e+01 1.170203298602719988e+00
-5.536113483456313045e-01 2.055344438552856445e+01 1.258071071780008099e+00
-5.548763373555686274e-01 2.059163204193115249e+01 1.150269112302297891e+00
-7.350107723706448271e-01 1.991777793884277514e+01 1.126664639883789398e+00
-1.708618164817355123e-01 2.140712451934814453e+01 1.324103092346299970e+00
-3.332502628145479484e-01 2.102291931152343807e+01 1.151103840121598720e+00
-6.547016068238512010e-02 2.185282238006591626e+01 1.214174325421941925e+00
-8.812796444625414782e-01 1.868180788993835506e+01 1.204623709465219017e+00
-5.408891731599758668e-01 2.066351068496704002e+01 1.155273094261451972e+00
-6.690867736813391753e-01 2.046191291809082102e+01 1.244542525539260591e+00
-6.423774343000909770e-01 2.036226087570190302e+01 1.090946790416233103e+00
-8.763642585953563824e-01 1.871886326789855914e+01 1.023933239181946009e+00
-3.252989033235132443e-01 2.119735088348388530e+01 1.265461043032535482e+00
-2.430746176775866740e-01 2.128961385726928768e+01 1.242027561610534958e+00
-2.825784173307726022e-01 2.129161918640136619e+01 1.263578159024975278e+00
-7.151685161861992546e-01 2.017229412078857465e+01 9.969972509582570863e-01
-3.624895802156709035e-01 2.108586523056030160e+01 1.337328170389281645e+00
-7.993444991617433271e-01 1.944812345504760742e+01 1.259827669196562638e+00
-7.377937481925068708e-01 1.992913148880004925e+01 1.089795592385706113e+00
-5.177579455496932326e-01 2.079538633346557575e+01 1.113447018374735142e+00
-4.579781791943688951e-01 2.077899520874023409e+01 1.306578768642771449e+00
-3.420690433409682152e-01 2.130331596374511705e+01 1.307193374171463862e+00
-2.143051533372977435e-01 2.140981561660766630e+01 1.326423312280262223e+00
-7.967060935124454790e-01 1.946973766326904354e+01 1.162433061630689490e+00
1.467588526419582040e-01 2.235180507659912053e+01 1.367918432253563799e+00
-4.272208749813212192e-01 2.094756299972534208e+01 1.173891043730779016e+00
-5.204324937421320740e-01 2.068493862152099538e+01 1.040016335421523053e+00
-4.489425434091022238e-01 2.095196748733520664e+01 1.180176634251654422e+00
-6.045723341745352641e-01 2.054768928527832017e+01 1.206617723296937950e+00
-5.855252139391931010e-01 2.060735582351684414e+01 1.217347395277540434e+00
-4.130168555268819430e-01 2.094501192092895536e+01 1.188897439744108331e+00
-2.964210113538010005e-01 2.117151557922363381e+01 1.170774755514328858e+00
-3.156849868479895682e-01 2.098999044418334847e+01 1.172789272563743879e+00
-3.510323940399526776e-01 2.125967542648315600e+01 1.418739181942970440e+00
-9.767316662107540515e-02 2.175602035522461009e+01 1.237670478189927259e+00
-4.166672523841298270e-01 2.102331493377685590e+01 1.276821295147584134e+00
-2.629891589483144276e-01 2.118013675689697095e+01 1.241903604029248820e+00
-2.663142729172924827e-01 2.132316902160644645e+01 1.360156512786221183e+00
-7.448776866481560122e-01 1.973440017700195170e+01 1.095002185242607950e+00
-3.762237466092762106e-01 2.126501485824584847e+01 1.228750964882288521e+00
-6.317515266166173760e-01 2.033585363388061396e+01 1.247542014530374166e+00
-1.315025870011138909e-01 2.140105123519897390e+01 1.302708060293544134e+00
-6.513046424559343350e-01 2.043757240295410327e+01 1.215563455260962655e+00
1.650112716155395162e-02 2.197355079650878906e+01 1.177953161132276216e+00
-2.803014371128852988e-01 2.148901998519897560e+01 1.284009741374509295e+00
-7.378298907356479752e-01 2.002753532409667869e+01 1.349851536849622891e+00
1.653726970469505606e-02 2.198632949829101690e+01 1.438171338971111046e+00
-3.927770313678846659e-01 2.095156087875366069e+01 1.338077241127950456e+00
-6.470398223652885639e-01 2.050273942947387695e+01 1.304779615245764024e+00
-6.916758631445059091e-01 2.022789836883545078e+01 1.042487560992185758e+00
-4.083544674616845227e-01 2.107314538955688477e+01 1.213909114690568947e+00
-4.330398244270329267e-01 2.092557510375976548e+01 1.204125273843174693e+00
-1.600551960825566111e-01 2.134499105453491197e+01 1.238801899013035390e+00
-1.010272380933008307e+00 1.730610881805419865e+01 1.108496478540576868e+00
-5.184085113262323352e-01 2.066963260650634737e+01 1.306196995674543837e+00
-2.280754622740440440e-01 2.154326309204101619e+01 1.259339321742139362e+00
-9.659616230420606797e-01 1.777107945442199721e+01 1.098776194156716013e+00
-4.019210947825745395e-01 2.136517179489135643e+01 1.237586628804232314e+00
1.648301242124915467e-01 2.245720287322998132e+01 1.395234237686455936e+00
-5.419373069110667851e-01 2.074155160903930550e+01 1.200441890053253857e+00
-6.547381840543357034e-01 2.040162406921386662e+01 1.070010979006618346e+00
-5.273718620252167977e-01 2.068336380958557186e+01 1.341741322831175642e+00
1.650112716155395162e-02 2.190688920974731602e+01 1.364925132090319959e+00
-2.540619507924709031e-01 2.135030817031860195e+01 1.287057702529674996e+00
-8.599912518651103843e-02 2.177130985260009766e+01 1.178908665739821338e+00
-7.875981726408967099e-01 1.941962842941284251e+01 1.106794612276209788e+00
-3.633208587079153618e-01 2.114102029800415039e+01 1.290243818856797287e+00
-7.422031384557170597e-01 1.992997123718261676e+01 1.154378758999401233e+00
-5.322872478924020045e-01 2.070775367736816364e+01 1.212593539405966592e+00
-5.096258733429531729e-01 2.087978408813476605e+01 1.240768042530141724e+00
-9.463719299722597733e-02 2.167106828689575337e+01 1.217012700287232629e+00
-4.583396046257796064e-01 2.099972490310668860e+01 1.184239325938388765e+00
-6.175113646190371064e-01 2.040332790374755945e+01 1.488816279698569556e+00
-2.721693649061452946e-01 2.128764965057373004e+01 1.319396855485769349e+00
-6.708939008383925096e-01 2.010066619873046889e+01 1.167568928567759068e+00
-4.220163487690076209e-01 2.108966674804687358e+01 1.374381509404335233e+00
-3.944034458092326445e-01 2.122797523498535099e+01 1.221358492794987427e+00
-6.319318046449805271e-02 2.173464315414428683e+01 1.199566078472456443e+00
-2.777714590930106531e-01 2.121858688354492273e+01 1.164820173251381874e+00
-4.546530652253908400e-01 2.076171502113342271e+01 1.429647904046608797e+00
-3.659231218140722719e-01 2.099981306076049847e+01 1.292044593320545554e+00
-6.820980892121231154e-01 2.027568933486938363e+01 1.221060829827147254e+00
-4.093664586696342811e-01 2.105627738952636818e+01 1.241228147279076710e+00
-1.851381210224566642e-01 2.136288135528564425e+01 1.175536986272483153e+00
-2.790364481029479204e-01 2.140586122512817369e+01 1.221195420985154323e+00
-3.727179199245926888e-01 2.111352117538451978e+01 1.293375160951202307e+00
-1.783071803687952817e-01 2.149200080871581875e+01 1.295031921388070328e+00
-5.321788202629788023e-01 2.067155309677124109e+01 1.295068215998856020e+00
-4.671218079217142466e-02 2.167236263275146513e+01 1.280998918446630386e+00
-5.040237791560877589e-01 2.085925565719604435e+01 1.164068671513270425e+00
-5.943801370087544722e-01 2.060102922439575224e+01 1.241795984526805841e+00
-3.760430338935709105e-01 2.127517919540405344e+01 1.295909329231327956e+00
-2.593387620910666547e-01 2.148990585327148395e+01 1.369044517951003348e+00
-5.153363951592416781e-01 2.071030746459960881e+01 1.325231630059983567e+00
-5.424071599719005876e-01 2.074327922821045078e+01 1.039044947483084513e+00
2.048037769265110830e-01 2.236441694259643498e+01 1.390088797072174032e+00
-5.246250287464958584e-01 2.047952573776245089e+01 1.267372686791468528e+00
-2.823615620719260866e-01 2.112179176330566577e+01 1.377549049343066212e+00
-4.145709848819478793e-01 2.085804929733276225e+01 1.240157948761440254e+00
-2.686635382214619394e-01 2.110655212402343750e+01 1.210394540645024719e+00
-6.862906242164868997e-01 2.032198703765869041e+01 1.139294007692063015e+00
-5.303716931059254680e-01 2.076758232116699077e+01 1.347673626670415015e+00
-1.543085317231270848e-01 2.178349123001098775e+01 1.206761269768413358e+00
-5.420457345404899874e-01 2.073291664123535227e+01 1.399492328278442166e+00
-4.599660190671275295e-01 2.072350969314575053e+01 1.111107182093596046e+00
1.451685807437510800e-01 2.231565088272094854e+01 1.447917920276280190e+00
1.971415577806051311e-01 2.229019643783569293e+01 1.399730833310508071e+00
-2.654464171945653331e-02 2.183398132324218821e+01 1.429492155714651824e+00
-5.081078865310283410e-01 2.076015243530273580e+01 1.233253127529750248e+00
-2.992039871756632108e-01 2.120749357223510856e+01 1.325261410781270355e+00
-4.401237628826820680e-01 2.112409910202026353e+01 1.166420871778526935e+00
-5.606230017149981260e-01 2.059070928573608228e+01 1.024429243327358297e+00
-4.549060630273782380e-01 2.079597629547119197e+01 1.327218335681256578e+00
-7.266257023619173694e-01 2.013953428268432688e+01 1.241430267271671717e+00
-4.359673704214593326e-01 2.095656700134277273e+01 1.188344975683476523e+00
-7.098917048876034475e-01 1.991800928115844727e+01 1.109990540783449386e+00
-1.746206409684064043e-01 2.147729354858398310e+01 1.333449477355522550e+00
-6.474012477966991641e-01 2.017969755172729407e+01 1.081704385088808840e+00
3.815051050305285490e-02 2.218062757492065273e+01 1.295640829107491010e+00
-4.626405672595665375e-01 2.102777240753173871e+01 1.053310567122474284e+00
-4.694353653700870099e-01 2.100849098205566534e+01 1.308943461849805923e+00
-2.677238320997941123e-01 2.121716817855834947e+01 1.291708094187603129e+00
-6.332333708854011034e-01 2.048524971008300710e+01 1.079114652829177068e+00
-6.066324591335761074e-01 2.042216093063354521e+01 1.146327424930781991e+00
-8.239937135839507931e-01 1.933981439590453988e+01 1.177365243314359322e+00
-6.258241495414823552e-01 2.039862901687622099e+01 1.135145144797737649e+00
-5.231427497903694268e-02 2.164938304901123090e+01 1.327487698533830418e+00
-2.719163671041578967e-01 2.143111995697021399e+01 1.208215801479564089e+00
1.508429600168987861e-01 2.237263782501220533e+01 1.442656162258885377e+00
-7.448776866481560122e-01 1.983002243041992330e+01 1.180517535491448333e+00
-4.772421546885575183e-01 2.079453904151916532e+01 1.284060705946487024e+00
-5.105294369214798955e-01 2.076894487380981502e+01 1.210607374202955500e+00
-3.219737893545351892e-01 2.129442970275879077e+01 1.298435608227221483e+00
-2.795063011637818895e-01 2.114775333404541158e+01 1.263520579650369458e+00
-1.277799050575841311e-01 2.174946443557739428e+01 1.325148194791813117e+00
-4.127638577248945451e-01 2.075360225677490078e+01 1.346216161126999600e+00
-4.764470187394540535e-01 2.081699432373046932e+01 1.196814058608739018e+00
-7.582142850672095591e-01 1.969605249404907354e+01 1.225843141527832802e+00
-7.586841381280434726e-01 1.991301136016845774e+01 1.121654663605206936e+00
-4.517978043172465319e-01 2.099290126800537237e+01 1.227775724475413055e+00
-3.730793453560032891e-01 2.112085166931152358e+01 1.454143895147995691e+00
-5.104571518351976867e-01 2.080262069702148509e+01 1.266349058807759720e+00
-5.958258387343970952e-01 2.039510242462158374e+01 1.322579271008119672e+00
-8.866287408474192722e-01 1.888830813407897935e+01 1.172752402112202441e+00
-6.692313438539033710e-01 2.023792392730712919e+01 1.308691175507719739e+00
-5.168905245143075033e-01 2.079147817611694293e+01 1.158859363916521446e+00
-5.285284234057310293e-01 2.070550737380981587e+01 1.264383136014885833e+00
-5.535029207162081022e-01 2.051043081283569336e+01 1.271484339545605691e+00
-3.252627607803722509e-01 2.102503883361816506e+01 1.181887290690265990e+00
-9.117839508736017562e-01 1.842737663269042869e+01 1.071066754355970874e+00
-6.114394173713378899e-01 2.051581081390380845e+01 1.201905997984537455e+00
-8.446672482606408794e-01 1.917798736572265739e+01 1.089572001808649881e+00
-5.321065351766967044e-01 2.080523035049438363e+01 1.186865434845520317e+00
-6.988320866864370373e-01 2.022324682235717930e+01 1.218327813356683276e+00
-5.123727066216742232e-01 2.097443628311157227e+01 1.434092751286348166e+00
-2.444480343169471714e-01 2.127382394790649300e+01 1.320116055439919389e+00
-6.711468986403800185e-01 2.028245227813720675e+01 1.370569002797989988e+00
-5.533583505436437955e-01 2.057185413360595660e+01 1.420178682761813693e+00
-3.869580819221729029e-01 2.099646280288696332e+01 1.389590875049655727e+00
-2.828314151327600001e-01 2.121293447494506879e+01 1.140739875930586678e+00
-6.505095065068309257e-01 2.016188270568847685e+01 1.172560664629634042e+00
-2.717356543884525966e-01 2.118992528915405416e+01 1.292169998238336559e+00
-6.450519824925299295e-01 2.048898883819580163e+01 1.217100191520827268e+00
-6.792066857608378694e-01 2.020531499862670799e+01 1.264777520706448444e+00
-9.580102635510259201e-01 1.791243477821350183e+01 1.121668143439045862e+00
-1.038318994410476037e+00 1.655422079086303810e+01 8.646872758478394427e-01
-1.673921323401930672e-01 2.165236501693725657e+01 1.236643029693787588e+00
-4.288472894226691978e-01 2.079311946868896399e+01 1.349437723129017330e+00
-1.564770843115910470e-01 2.148797782897949205e+01 1.299025007367824225e+00
-4.522676573780803344e-01 2.113141895294189609e+01 1.138426943917176803e+00
-5.920670142477261200e-01 2.045470209121704031e+01 1.153185281124340378e+00
-4.086074652636719207e-01 2.108146684646606417e+01 1.381676460079430457e+00
-9.102659640616768133e-01 1.841074069976806626e+01 9.804394502539083289e-01
-3.107696009808045834e-01 2.123189327239990121e+01 1.240656663876323895e+00
-6.592921444901100880e-01 2.024714847564697351e+01 1.188397388564446766e+00
-6.098852880162720647e-01 2.044068305969238253e+01 1.171256390354148635e+00
1.674323873186483180e-01 2.223097637176513786e+01 1.317526965863546451e+00
-8.308969393238946344e-01 1.906693376541137752e+01 1.158924759370743462e+00
-7.415525726791777350e-01 1.967924299240112163e+01 1.149531099874308238e+00
-6.150536716854445585e-01 2.041467184066772589e+01 1.293983258335082986e+00
-2.538812380767655474e-01 2.150598388671874872e+01 1.211563874061171608e+00
-7.826827867737116140e-01 1.961766126632690543e+01 1.101276822012581702e+00
-7.018680603102865900e-01 2.022484519958496207e+01 1.265954444873267137e+00
-2.065706491051093607e-01 2.141363241195678668e+01 1.159926271745494342e+00
-4.031499412493708134e-01 2.098643142700195341e+01 1.222576591053635253e+00
-1.647537266908953579e-01 2.145854459762573185e+01 1.362897321287990904e+00
-2.833735532798759560e-01 2.147141664505004854e+01 1.085846528094305263e+00
-6.873749005107188115e-01 2.047195703506469755e+01 1.192467607135101249e+00
-5.321788202629788023e-01 2.048606662750244212e+01 1.286610396681480362e+00
-7.594431315340057775e-01 1.977216423034667869e+01 1.188351070254615394e+00
-1.237676480815828525e-02 2.186018136978149329e+01 1.419889204618927536e+00
-7.629489582186893548e-01 1.960289297103881978e+01 1.223017909078084831e+00
-7.871283195800627963e-01 1.948935880661010600e+01 1.166486935744779352e+00
2.441268638639916000e-01 2.295342464447021413e+01 1.415157057417540720e+00
-6.073914525395384123e-01 2.048500181198120274e+01 1.325774663453125335e+00
-4.956387091473603568e-01 2.087156597137451186e+01 1.228107012352103844e+00
-4.593515958337294758e-01 2.076429174423217816e+01 1.442311216545278940e+00
-4.767000165414414514e-01 2.087303020477294879e+01 1.205863835299402886e+00
-4.805672686575355734e-01 2.081490434646606502e+01 1.336348210743044662e+00
-5.332992391003518184e-01 2.066177640914916935e+01 1.307256836907223718e+00
-7.063497356597788768e-01 2.020769456863403235e+01 1.111971849233805321e+00
-7.271316979658921653e-01 2.005636592864990320e+01 1.197150260349524764e+00
-7.107591259229889546e-01 2.038185733795166144e+01 1.254222555133547745e+00
-3.996441145646872362e-01 2.124140594482421918e+01 1.318315226552925878e+00
-3.801994263547935349e-01 2.106892482757568530e+01 1.312183540930150771e+00
-1.996674233651657415e-01 2.166571052551269361e+01 1.213078230444718963e+00
-4.306182740365815387e-01 2.089147565841674847e+01 1.286788307047199265e+00
-2.049442346637613543e-01 2.135125333786010771e+01 1.361482556061249571e+00
-3.839582508414645101e-01 2.106376411437988239e+01 1.469762690989930176e+00
-2.962041560949545960e-01 2.119086660385131893e+01 1.085094869640257809e+00
-1.095279207713454744e-01 2.166760108947753949e+01 1.247065660255090247e+00
1.071827679024901642e-01 2.233237936019897418e+01 1.468256655382423670e+00
-4.993975336340313320e-01 2.110325544357299776e+01 1.274020409818685584e+00
-1.386949530861861235e-01 2.167309219360351591e+01 1.047085831609612105e+00
-4.657488259696982436e-01 2.100719898223876925e+01 1.274931835606571084e+00
-8.959173744346734525e-01 1.878087108612060518e+01 1.166550863197834298e+00
-5.791279838032243887e-01 2.048334033966064283e+01 1.328348793053374166e+00
-2.406892098302762795e-01 2.135995355606079116e+01 1.321694659788827941e+00
-3.768020272995332709e-01 2.135407596588134638e+01 1.120251791105321582e+00
-5.357207894908033730e-01 2.079766387939453054e+01 1.294012684476135933e+00
-3.510685365830938376e-01 2.135310148239135586e+01 1.228082663645554184e+00
-6.165355159542282859e-01 2.044933734893798771e+01 1.264832956025235378e+00
-4.104145924207252549e-01 2.091275577545166087e+01 1.314537288018679639e+00
-7.306736671937166250e-01 2.011784937858581657e+01 1.336717436843293694e+00
-1.172985675466747535e-01 2.174935005187988324e+01 1.342821878228334098e+00
-1.059859515435208205e-01 2.187874713897705092e+01 1.267768501822971183e+00
-5.755860145753998180e-01 2.040777286529541001e+01 1.282290217963868884e+00
-6.066320244462346245e-02 2.193165794372558608e+01 1.252799164322168091e+00
-4.524122275506446411e-01 2.103656095504760870e+01 1.134287859716080593e+00
-2.009324123751029534e-01 2.135806774139404141e+01 1.292716913731001949e+00
2.800164092030709706e-01 2.275942306518554759e+01 1.319632441046822091e+00
-6.763152823095525124e-01 2.013905912399291864e+01 1.230508642008308451e+00
-1.025885524882607647e-01 2.172001981735229492e+01 1.412226163727671846e+00
-1.152384425876341045e-01 2.179689258575439581e+01 1.500169927309852325e+00
-8.447756758900640817e-01 1.898232017517089787e+01 1.110227285521805385e+00
-4.273293026107445325e-01 2.095512434005737390e+01 1.248651818709865635e+00
-6.432809978786175886e-01 2.022192573547363281e+01 1.205998502121939708e+00
-7.450222568207202078e-01 2.007759227752685405e+01 1.106049454145515698e+00
-9.715637172289259826e-01 1.786565164566039954e+01 1.071632261701795708e+00
-5.407084604442704556e-01 2.070080139160156207e+01 1.323984544729998714e+00
-2.849999677212239901e-01 2.149290145874023494e+01 1.306128722148956367e+00
-3.588391833584232415e-01 2.117033050537109418e+01 1.290357436759917320e+00
-2.827229875033366868e-01 2.128406129837036076e+01 1.220415262638125942e+00
-1.456343213692710414e-01 2.160465391159057447e+01 1.225127606466178687e+00
-5.177218030065521281e-01 2.073756545066833468e+01 1.357994692405850135e+00
-7.947543961828279491e-01 1.929566034317016587e+01 1.210548599111655799e+00
-7.018680603102865900e-01 2.015653120040893498e+01 1.073394592867068065e+00
-2.901683513903965395e-01 2.134416316986083828e+01 1.289077177738834568e+00
2.730774756073285278e-02 2.209651481628418068e+01 1.376264629464101885e+00
-2.903129215629606796e-01 2.119711231231689297e+01 1.262205589814486606e+00
-3.297801439856620775e-02 2.193591886520385614e+01 1.270159103145364510e+00
-3.800548561822292282e-01 2.120484451293945227e+01 1.432321362340830628e+00
-2.300994446899438106e-01 2.151974277496337962e+01 1.263873318503161425e+00
-1.495377160285061291e-01 2.163061626434326001e+01 1.255063118475421957e+00
-8.455342346086833216e-02 2.166778074264526310e+01 1.281346442088451720e+00
-6.214509018214133818e-01 2.068637634277343906e+01 1.224456460647254552e+00
-2.177025523925579797e-01 2.130282257080078168e+01 1.312270239124569082e+00
-3.975117045193645171e-01 2.116290534973144588e+01 1.236320644838666105e+00
-5.817663894525221258e-01 2.051477193832397461e+01 1.158529154105215841e+00
-7.206983252867823486e-01 2.012103425979614357e+01 1.209494822728499175e+00
-4.667969597207892174e-01 2.102069618225097614e+01 1.374160790435645652e+00
-4.274377302401676237e-01 2.098307277679443317e+01 1.262586555980732550e+00
-7.847790542758935617e-01 1.969025993347167969e+01 1.384644577636380935e+00
-4.918437421175483881e-01 2.079237342834472813e+01 1.471046381553624771e+00
-5.780437075089922550e-01 2.065967073440551616e+01 1.182882060333440455e+00
-1.214188174647564539e-01 2.166062234878539883e+01 1.280993073029936147e+00
-8.305355138924839231e-01 1.915769006729125934e+01 1.114345231730417662e+00
-3.467675739493069620e-01 2.114520231246948256e+01 1.273966757870427235e+00
-7.817430806520438979e-01 1.973524999618530273e+01 1.147278944105530218e+00
-4.754345928441618824e-02 2.177540113449096637e+01 1.170196897012990789e+00
-6.439315636551566913e-01 2.056443021774292035e+01 1.172687412630550652e+00
-8.528354630105220435e-01 1.894830042839050321e+01 9.725611088688912442e-01
-6.339923642913634083e-01 2.034305179595947166e+01 1.167230687570861569e+00
-1.343939904523993312e-01 2.174150299072265469e+01 1.256398075078804855e+00
-7.264449896462120693e-01 1.994968769073486214e+01 1.191032885596891910e+00
-4.960724196650532214e-01 2.112649549484252987e+01 9.966827600260387277e-01
-7.043257532438792490e-01 2.004305971145629783e+01 1.193827291562749915e+00
-4.683510890758550427e-01 2.075261264801025263e+01 1.338962440117205110e+00
-6.354019234738650379e-01 2.030080966949462962e+01 1.261943001125915176e+00
-4.048486407770009454e-01 2.128831865310668903e+01 1.244433214789786968e+00
-5.211192020618123921e-01 2.059535434722900504e+01 1.198948720949388536e+00
-2.179916927376863989e-01 2.154454553604125877e+01 1.179473981776722358e+00
-4.758325955060558887e-01 2.094700294494628778e+01 1.016287441427465632e+00
5.419779965768644486e-02 2.196491069793701101e+01 1.380436502825692635e+00
-7.459619629423880349e-01 1.997014665603637695e+01 1.315253826438040008e+00
-6.531117696129876693e-01 2.032203371047973661e+01 1.229426402880907210e+00
-5.907658826946478037e-01 2.051684436798095845e+01 1.284609518504362446e+00
-1.268040563927753661e-01 2.148510658264160256e+01 1.201204785797394869e+00
-7.256498536971085489e-01 2.004748535156250000e+01 1.152947348648581727e+00
-2.159677103217866601e-01 2.137529048919677876e+01 1.248622794239300005e+00
-7.146263780390831322e-01 2.011420288085937358e+01 1.311391275514421029e+00
-5.423710174287594832e-01 2.053710124969482465e+01 1.168756527687956348e+00
-5.761281527225158294e-01 2.077195756912231417e+01 1.104043261512058782e+00
-2.681575426174869214e-01 2.140449474334716840e+01 1.056084536785073080e+00
-5.920670142477261200e-01 2.075691505432128992e+01 1.180135441234453131e+00
-2.866986672488540111e-01 2.108093793869018384e+01 1.215859009240678912e+00
-2.721332223630043012e-01 2.135798555374145380e+01 1.172907012708442220e+00
-3.429003218332126735e-01 2.120945240020752109e+01 1.318621766545069907e+00
-8.620879540546351194e-01 1.892451585769653377e+01 1.027726511929914155e+00
-9.432713344580990755e-01 1.796263029098510700e+01 1.077340931107847011e+00
-1.675367025127574849e-01 2.154033967971801644e+01 1.310899587435151004e+00
-1.748013536841117044e-01 2.143755794525146641e+01 1.382412510031142849e+00
2.423563139374212624e-02 2.180934602737426786e+01 1.374420053971430633e+00
1.377955019429737415e-01 2.239004901885986243e+01 1.430427607607853480e+00
2.611504363707766591e-02 2.183109779357910085e+01 1.397048308562471641e+00
-5.902237445475317923e-01 2.054048461914062429e+01 1.069318740870805806e+00
-8.527627432368978244e-02 2.170065986633300881e+01 1.390130583109688178e+00
-7.497930725153409970e-01 1.978150478363037124e+01 1.227417071301055929e+00
-3.813559877353076000e-01 2.109408109664916964e+01 1.170229004167124831e+00
-7.377937481925068708e-01 2.001170377731323313e+01 1.209873469787009714e+00
-6.110779919399271787e-01 2.045815299987792812e+01 1.376642252906377095e+00
-5.266128686192544928e-01 2.090166309356689567e+01 1.216627864462517472e+00
-2.654107093387659266e-01 2.104472524642944364e+01 1.032105205122007652e+00
-2.604591809284396708e-01 2.131999450683593622e+01 1.346075072714947751e+00
-7.021572006554152034e-01 2.000685602188110224e+01 9.993126877787505968e-01
-5.245884515160115225e-02 2.174987045288085952e+01 1.369518187449106694e+00
-1.636694503966632797e-01 2.141684555053710781e+01 1.237175605945663559e+00
-4.987469678574921184e-01 2.092999931335449304e+01 1.165354029499645838e+00
-9.299275075304170857e-01 1.832811801910400362e+01 1.198800535677577050e+00
-2.378339489221319714e-01 2.136511451721191435e+01 1.340631311516152113e+00
-9.008323256145144009e-02 2.161164291381835767e+01 1.343001302631463334e+00
-1.928726252546450470e-01 2.138654798507690558e+01 1.350537128629228478e+00
-1.613563276356351217e-01 2.152554590225219755e+01 1.404978392318734004e+00
-1.118049009892327500e-01 2.199363965988159109e+01 1.351804847337482851e+00
-4.848682312913224490e-01 2.067451913833617994e+01 1.267714794032284820e+00
-2.097873354446642968e-01 2.167799766540527173e+01 1.093397260403125015e+00
-7.230114480478107009e-01 1.987380228042602681e+01 1.253541067518771035e+00
-5.105294369214798955e-01 2.082567880630493207e+01 1.172322338247348439e+00
-9.666844739048819912e-01 1.787821539878845201e+01 1.038181432348458388e+00
-3.948367216395828883e-02 2.192319068908691548e+01 1.208813229772363274e+00
-5.296484075557619103e-02 2.188642240524292149e+01 1.267958037941345983e+00
-4.452560040087135129e-01 2.078371192932128864e+01 1.107053357543189342e+00
9.381046162763926125e-03 2.191096027374267408e+01 1.235671448961701557e+00
-4.054269214672580057e-01 2.115920171737671041e+01 1.199446475586848804e+00
-5.208662042598248831e-01 2.057996686935424790e+01 1.258502299503357236e+00
-7.736105737579609953e-02 2.175964044570922695e+01 1.348837539648444217e+00
-7.754904206886393814e-01 1.965813104629516772e+01 1.182172462679980551e+00
-8.623048093134814129e-01 1.894430772781372241e+01 1.130742804421905667e+00
-4.391117716747321986e-01 2.097303478240966967e+01 1.195016275480647927e+00
-7.131445337702994047e-01 2.021175479888916016e+01 1.169640404809551448e+00
-3.948010137837845157e-01 2.099706199645996207e+01 1.300451648946268302e+00
-1.212376700617076586e-02 2.163226192474365206e+01 1.366577791485722226e+00
-3.811391324764613064e-01 2.085070379257201978e+01 1.211327557478996564e+00
-4.832418168499745259e-01 2.073301315307617188e+01 1.321789364662416366e+00
-8.362460357087724283e-01 1.905546524047851520e+01 1.214753593943489252e+00
2.025990817949060441e-01 2.247867534637451215e+01 1.351073473856855500e+00
-4.064750552183489796e-01 2.108069206237793125e+01 1.261380520704523001e+00
-2.366412449984768018e-01 2.143985752105712805e+01 1.232324653364918587e+00
-5.079271738153229299e-01 2.071690052032470675e+01 1.315834965152749447e+00
-4.006561057726372166e-01 2.109351913452148608e+01 1.361862516780273591e+00
-7.492147918250839922e-01 1.998361303329467731e+01 1.202282466970788555e+00
-6.498227981871507186e-01 2.027893030166626076e+01 1.151019498806628460e+00
-2.577484901928597250e-01 2.143276691436767578e+01 1.257064001422365962e+00
-2.472671526819503751e-01 2.140711654663085994e+01 1.417805706646465991e+00
-3.860906608867873402e-01 2.093976062774658331e+01 1.304672933277085667e+00
3.404976588520288949e+00 2.601166389465332074e+01 1.636026975341690282e+00
2.211813654567198029e+00 2.468303947448730540e+01 1.600488925991192746e+00
-9.913373025814036232e-01 1.756119951248168931e+01 1.056841094578190754e+00
-1.060709299886366752e+00 1.619260166168212933e+01 1.070758836668382452e+00
-9.007640894698905054e-01 1.843021707534790110e+01 1.135422023888182474e+00
-1.079239581754791732e+00 1.576645680427551355e+01 9.919985392257192336e-01
-1.118226543041060284e+00 1.521590776443481374e+01 9.732140322208956418e-01
-1.095163986262745803e+00 1.560787260055541914e+01 1.057474099119508626e+00
-1.043024753527442838e+00 1.663180377006530719e+01 9.529356944009533814e-01
-1.019752569998910063e+00 1.713994334220886273e+01 1.026397073604469190e+00
-1.017067179043528835e+00 1.724326631546020394e+01 1.046525914146616110e+00
-1.101994926916407103e+00 1.569757853507995549e+01 9.245229676689531439e-01
-8.853637518374820603e-01 1.859476412773132381e+01 1.180994613147286598e+00
-9.413666224345648148e-01 1.841454653739929270e+01 1.100152230998626912e+00
-1.070424415482685410e+00 1.601875216484069853e+01 9.954745198771967063e-01
-9.920384679183401611e-01 1.742397629737854103e+01 1.126934704305404544e+00
-9.167607790641266741e-01 1.823410879135131779e+01 1.224782251944793066e+00
-1.083898355565675153e+00 1.584768002510070772e+01 1.035120544699869249e+00
-9.783006872704207435e-01 1.779752056121826342e+01 1.076396655664044744e+00
-1.080132302570375957e+00 1.576426250457763700e+01 1.126071728045793474e+00
-1.113697882385484617e+00 1.548034668922424295e+01 9.513607301432687180e-01
-9.932709286394506565e-01 1.733891984939575082e+01 9.948469357972066218e-01
-1.089355879579976261e+00 1.577198306083679213e+01 9.371679222258511022e-01
-1.044340342097777707e+00 1.648906109809875531e+01 1.039518436738857909e+00
-1.108992123268517815e+00 1.535827558517456026e+01 1.199031625501536302e+00
-1.059278055177980571e+00 1.602169405937194924e+01 1.009277081864359937e+00
-1.060141861959052134e+00 1.620726479530334529e+01 1.058321462386393241e+00
-1.132181178947825995e+00 1.495440028190612836e+01 1.054897547792406742e+00
-1.118786752459746792e+00 1.513965233802795396e+01 1.059174644691228462e+00
-1.070240088512666166e+00 1.605864452362060391e+01 1.071094162934442817e+00
-9.756478246038664537e-01 1.780653889656066724e+01 1.133800065518610234e+00
-1.106440459722758396e+00 1.538644304275512731e+01 1.042003039948377063e+00
-1.107242824180490137e+00 1.540479073524475062e+01 9.718368096607796769e-01
-1.114026779528068278e+00 1.532933642387390094e+01 9.680746930544646967e-01
-1.133952163561738224e+00 1.498441617012023919e+01 1.016705474161012424e+00
-9.717769582334582212e-01 1.773473279953002901e+01 1.191058142748222748e+00
-1.029055660603420685e+00 1.693531710624694853e+01 1.150715322678033559e+00
-8.872540068437597682e-01 1.863116305351257296e+01 1.178267387748343831e+00
-1.055508387928367320e+00 1.618346085548400737e+01 1.043924386441585916e+00
-1.118121729665951136e+00 1.526157529830932624e+01 1.015501704028799246e+00
-1.121399858328845811e+00 1.520774408340454187e+01 1.015363990919467385e+00
-1.073894099624227882e+00 1.612623336791992301e+01 9.033396501612285245e-01
-1.085882581184119733e+00 1.572815091133117704e+01 9.811632886697336797e-01
-1.036822693124435979e+00 1.666366694450378461e+01 9.777758702506051947e-01
-1.085188644355811194e+00 1.583833132743835392e+01 8.820606142648326209e-01
-1.107123553788124548e+00 1.541186819076538050e+01 1.028307860632729609e+00
-1.024805297530031245e+00 1.689875085830688306e+01 1.051623330706984882e+00
-1.060506901644776789e+00 1.632771796226501593e+01 9.692408378932019231e-01
-1.114276163075741621e+00 1.542484986305236738e+01 9.729528212963087785e-01
-1.119166249162727889e+00 1.514035230636596729e+01 1.068729493613625792e+00
-1.114337605399081665e+00 1.540428283691406186e+01 1.047559639269771470e+00
-1.114095450360036210e+00 1.543320997238159187e+01 1.125135020515415141e+00
-1.036313083266146684e+00 1.669732174873352193e+01 9.941470760141647434e-01
-1.114355676670652162e+00 1.547712613105773904e+01 1.066945509626881838e+00
-1.122155237480494172e+00 1.534997924804687486e+01 9.248399542913794402e-01
-1.117633805333546837e+00 1.530653653144836390e+01 1.138881574318485468e+00
-1.113238872087592979e+00 1.522637654304504373e+01 1.033042836299018274e+00
-1.080873224704767877e+00 1.563288289070129444e+01 1.099909251797273280e+00
-1.070023233253819761e+00 1.596991366386413524e+01 1.080304838878977325e+00
-1.130959560989658108e+00 1.493386602401733398e+01 1.015972980408929471e+00
-1.120969762065467279e+00 1.530472999572753956e+01 9.823049676003489106e-01
-1.041083898960767806e+00 1.663896488189697109e+01 1.012841595200946410e+00
-1.080949124045364140e+00 1.566959819793701136e+01 1.020993117052501065e+00
-1.032659072154584967e+00 1.679569979667663659e+01 1.102142210413147305e+00
-1.092456909781479801e+00 1.567755236625671422e+01 1.033123655645706629e+00
-1.099540848237128721e+00 1.559640477180481000e+01 8.892529335123221523e-01
-1.060380402743783090e+00 1.628134651184081960e+01 1.078912163426538395e+00
-1.028564122016702109e+00 1.714454883575439581e+01 1.158442367974743092e+00
-1.043917474343027285e+00 1.658276052474975515e+01 1.011715358799162301e+00
-1.067084844496450913e+00 1.614389881134033189e+01 9.561599933541359286e-01
-1.094423064128353884e+00 1.559292083740234425e+01 1.018835989223940475e+00
-1.052710955089248834e+00 1.628557092666626005e+01 9.836475213671572737e-01
-1.114402661976735320e+00 1.545206694602966380e+01 1.145876482853987799e+00
-1.113647282825086959e+00 1.524584471702575605e+01 9.908676407041889789e-01
-1.070923182578032318e+00 1.616154657363891545e+01 1.023768433147618673e+00
-1.000962061819869575e+00 1.721488060951232768e+01 9.684696589093992891e-01
-1.050415903599791090e+00 1.640011881828307949e+01 8.739830516619181422e-01
-1.133117270815179767e+00 1.508814477920532227e+01 1.118709265455323232e+00
-8.807989486387653999e-01 1.870485878944397129e+01 1.108626779217486202e+00
-1.125794791574799447e+00 1.506508336067199672e+01 1.090281271009075015e+00
-1.081451505395024881e+00 1.587103426933288652e+01 9.999127048871949697e-01
-1.118024144799470321e+00 1.523545198440551829e+01 1.046861022511126116e+00
-1.115541152085679055e+00 1.520920018196105872e+01 1.041922305422444017e+00
-1.065187360981544984e+00 1.632596038818359219e+01 9.158297890070422609e-01
-1.044604182662707492e+00 1.666166520118713379e+01 1.054945334594901807e+00
-1.007959258171980066e+00 1.713609146118163906e+01 1.150888972124325837e+00
-1.047159460462780967e+00 1.638315464973449664e+01 9.392151989629290432e-01
-8.997123414644855321e-01 1.854751513481140179e+01 1.171894712461103882e+00
-1.116242317422615704e+00 1.518748834609985288e+01 1.031847813653757218e+00
-1.096595230971131762e+00 1.546469181060790987e+01 9.137044991964300422e-01
-1.023251168174965420e+00 1.712498174667358342e+01 1.196112345782610609e+00
-1.074291667598779698e+00 1.577683042526245139e+01 9.993743929604685938e-01
-1.073156791744150240e+00 1.593575719833373938e+01 1.061902403893804747e+00
-1.085481398955253862e+00 1.572642477989196763e+01 9.666176279364790958e-01
-9.204870752619704888e-01 1.827073400497436495e+01 1.032125551230250959e+00
-9.346874804620955990e-01 1.806578042030334430e+01 1.194044106966586138e+00
-1.087255997823480369e+00 1.583021370887756341e+01 9.318081473525654523e-01
-1.107470522202278929e+00 1.544353072166442864e+01 1.128622206781768611e+00
-1.056516764882003079e+00 1.639065959930420036e+01 9.033745087140783170e-01
-1.129889741712682305e+00 1.496882470130920417e+01 1.111167542489134741e+00
-1.090956994241125688e+00 1.557709342002868702e+01 1.075526519239757173e+00
-1.056520379136317134e+00 1.617670230865478587e+01 9.856751317577077121e-01
-1.086023537102369874e+00 1.563153343200683665e+01 9.875991554269114570e-01
-1.096616916497016536e+00 1.576582676887512235e+01 9.403684813049114632e-01
-1.089113724540931250e+00 1.558541776657104450e+01 1.021197880754655563e+00
-1.048822017447269994e+00 1.652432917594909512e+01 1.131169642071881976e+00
-1.036696194223442280e+00 1.672861584663391099e+01 1.001029239144582084e+00
-1.088524601087731636e+00 1.565062897682189913e+01 1.011813145919551404e+00
-1.117182023544283531e+00 1.505101855278015144e+01 1.045935888494680999e+00
-1.036764865055410212e+00 1.681564756393432702e+01 1.014002198245637754e+00
-9.499902332280233397e-01 1.818299824714660673e+01 1.083710652799487750e+00
-9.560260379325814517e-01 1.794651579856872559e+01 1.080836722038538866e+00
-9.182137092983974069e-01 1.841327053070068231e+01 9.983626485285312935e-01
-1.063597089083338165e+00 1.613072010040283288e+01 9.403107444542896376e-01
-1.050119534746034367e+00 1.627289998054504494e+01 1.018837688279916609e+00
-1.082994791987148542e+00 1.584607982635498047e+01 1.012816464079888013e+00
-1.112487107190258895e+00 1.532273634910583482e+01 1.145182242141710383e+00
-9.427544960911817817e-01 1.821868649482727065e+01 1.267222821883244865e+00
-1.091860557819652078e+00 1.556531913757324226e+01 1.045841922860096807e+00
-1.055963783971944681e+00 1.624923901557922434e+01 1.069702524663864951e+00
-1.103090045973581734e+00 1.544905979156494169e+01 9.875205395178936474e-01
-1.072495383204668640e+00 1.601620051383972054e+01 9.724364673483537613e-01
-1.078263733089982912e+00 1.604679018974304228e+01 1.070001813613158159e+00
-1.084256166742771699e+00 1.578095975875854506e+01 1.005195908610015509e+00
-1.084050154246867459e+00 1.578892518043518045e+01 1.012618093056400159e+00
-1.090552197757945541e+00 1.549056382179260183e+01 9.758395381524012091e-01
