14
  0.00004545  # (0,0)
  0.00004155  
  0.00003767  
  0.00002499  
  0.00002054  
  0.00000391  
  0.00000332  
  0.00000339  
  0.00000297  
 -0.00000905  
 -0.00001728  
 -0.00001867  
  0.00000859  
  0.00001914  
  0.00004155  # (1,0)
  0.00003933  # (1,1)
  0.00003565  
  0.00002536  
  0.00001901  
  0.00000426  
  0.00000353  
  0.00000299  
  0.00000268  
 -0.00000840  
 -0.00001706  
 -0.00001720  
  0.00000842  
  0.00001785  
  0.00003767  # (2,0)
  0.00003565  
  0.00007527  # (2,2)
  0.00004589  
  0.00003905  
  0.00000913  
  0.00001742  
  0.00001093  
  0.00000631  
 -0.00000655  
 -0.00002220  
 -0.00001845  
  0.00001141  
 -0.00000423  
  0.00002499  # (3,0)
  0.00002536  
  0.00004589  
  0.00004326  # (3,3)
  0.00003134  
  0.00001384  
  0.00001228  
  0.00000823  
  0.00000254  
 -0.00000042  
 -0.00001339  
 -0.00001339  
  0.00000164  
 -0.00000315  
  0.00002054  # (4,0)
  0.00001901  
  0.00003905  
  0.00003134  
  0.00003482  # (4,4)
  0.00000969  
  0.00001258  
  0.00000769  
  0.00000024  
 -0.00000272  
 -0.00000995  
 -0.00001045  
 -0.00000073  
  0.00000393  
  0.00000391  # (5,0)
  0.00000426  
  0.00000913  
  0.00001384  
  0.00000969  
  0.00001272  # (5,5)
  0.00000638  
  0.00000328  
 -0.00000089  
  0.00000367  
 -0.00000071  
 -0.00000171  
 -0.00000674  
 -0.00000596  
  0.00000332  # (6,0)
  0.00000353  
  0.00001742  
  0.00001228  
  0.00001258  
  0.00000638  
  0.00001562  # (6,6)
  0.00000806  
  0.00000518  
  0.00000156  
 -0.00000295  
 -0.00000513  
 -0.00000210  
 -0.00001233  
  0.00000339  # (7,0)
  0.00000299  
  0.00001093  
  0.00000823  
  0.00000769  
  0.00000328  
  0.00000806  
  0.00000756  # (7,7)
  0.00000552  
  0.00000032  
 -0.00000265  
 -0.00000580  
  0.00000171  
 -0.00000880  
  0.00000297  # (8,0)
  0.00000268  
  0.00000631  
  0.00000254  
  0.00000024  
 -0.00000089  
  0.00000518  
  0.00000552  
  0.00000901  # (8,8)
  0.00000029  
 -0.00000198  
 -0.00000699  
  0.00000677  
 -0.00001532  
 -0.00000905  # (9,0)
 -0.00000840  
 -0.00000655  
 -0.00000042  
 -0.00000272  
  0.00000367  
  0.00000156  
  0.00000032  
  0.00000029  
  0.00000509  # (9,9)
  0.00000481  
  0.00000274  
 -0.00000445  
 -0.00001082  
 -0.00001728  # (10,0)
 -0.00001706  
 -0.00002220  
 -0.00001339  
 -0.00000995  
 -0.00000071  
 -0.00000295  
 -0.00000265  
 -0.00000198  
  0.00000481  
  0.00001173  # (10,10)
  0.00000717  
 -0.00000814  
 -0.00000631  
 -0.00001867  # (11,0)
 -0.00001720  
 -0.00001845  
 -0.00001339  
 -0.00001045  
 -0.00000171  
 -0.00000513  
 -0.00000580  
 -0.00000699  
  0.00000274  
  0.00000717  
  0.00001307  # (11,11)
 -0.00000758  
  0.00000253  
  0.00000859  # (12,0)
  0.00000842  
  0.00001141  
  0.00000164  
 -0.00000073  
 -0.00000674  
 -0.00000210  
  0.00000171  
  0.00000677  
 -0.00000445  
 -0.00000814  
 -0.00000758  
  0.00001855  # (12,12)
 -0.00001060  
  0.00001914  # (13,0)
  0.00001785  
 -0.00000423  
 -0.00000315  
  0.00000393  
 -0.00000596  
 -0.00001233  
 -0.00000880  
 -0.00001532  
 -0.00001082  
 -0.00000631  
  0.00000253  
 -0.00001060  
  0.00007233  # (13,13)
