7.96000000e-03
7.20000000e-03
7.71000000e-03
7.17000000e-03
7.02000000e-03
7.27000000e-03
7.34000000e-03
7.32000000e-03
7.13000000e-03
6.96000000e-03
7.48000000e-03
7.30000000e-03
6.95000000e-03
6.65000000e-03
6.95000000e-03
7.28000000e-03
6.82000000e-03
7.07000000e-03
7.89000000e-03
6.91000000e-03
7.41000000e-03
6.91000000e-03
7.50000000e-03
7.58000000e-03
7.52000000e-03
7.20000000e-03
6.90000000e-03
6.83000000e-03
7.19000000e-03
7.35000000e-03
6.77000000e-03
6.92000000e-03
6.77000000e-03
7.09000000e-03
7.01000000e-03
7.22000000e-03
7.30000000e-03
7.28000000e-03
7.46000000e-03
7.15000000e-03
7.34000000e-03
7.03000000e-03
7.30000000e-03
6.82000000e-03
7.14000000e-03
7.26000000e-03
7.03000000e-03
6.64000000e-03
6.52000000e-03
6.49000000e-03
6.50000000e-03
7.45000000e-03
7.43000000e-03
6.89000000e-03
6.48000000e-03
8.01000000e-03
7.62000000e-03
6.78000000e-03
6.60000000e-03
6.54000000e-03
7.00000000e-03
7.68000000e-03
6.94000000e-03
7.24000000e-03
6.85000000e-03
6.47000000e-03
6.60000000e-03
7.22000000e-03
7.89000000e-03
6.59000000e-03
6.94000000e-03
6.57000000e-03
8.03000000e-03
6.47000000e-03
7.17000000e-03
6.76000000e-03
7.71000000e-03
6.84000000e-03
7.15000000e-03
6.68000000e-03
6.89000000e-03
7.21000000e-03
7.00000000e-03
7.34000000e-03
6.94000000e-03
6.60000000e-03
6.99000000e-03
6.59000000e-03
7.06000000e-03
7.11000000e-03
6.77000000e-03
6.62000000e-03
6.65000000e-03
7.01000000e-03
6.80000000e-03
7.30000000e-03
6.94000000e-03
6.50000000e-03
6.70000000e-03
1.49000000e-02
6.56000000e-03
6.58000000e-03
7.31000000e-03
6.83000000e-03
7.43000000e-03
6.97000000e-03
6.55000000e-03
7.23000000e-03
7.08000000e-03
6.39000000e-03
6.48000000e-03
6.53000000e-03
6.61000000e-03
6.53000000e-03
6.63000000e-03
6.75000000e-03
6.43000000e-03
6.41000000e-03
6.99000000e-03
7.03000000e-03
7.00000000e-03
7.43000000e-03
6.81000000e-03
6.52000000e-03
7.29000000e-03
6.76000000e-03
6.89000000e-03
7.39000000e-03
6.75000000e-03
6.89000000e-03
6.59000000e-03
7.12000000e-03
6.69000000e-03
6.65000000e-03
7.01000000e-03
6.49000000e-03
6.42000000e-03
7.35000000e-03
6.91000000e-03
6.55000000e-03
2.09200000e-02
7.39000000e-03
6.46000000e-03
6.77000000e-03
7.20000000e-03
6.44000000e-03
6.51000000e-03
6.50000000e-03
7.04000000e-03
6.93000000e-03
6.97000000e-03
6.75000000e-03
6.66000000e-03
7.29000000e-03
6.52000000e-03
6.77000000e-03
6.61000000e-03
7.04000000e-03
6.49000000e-03
7.00000000e-03
7.24000000e-03
6.57000000e-03
6.52000000e-03
7.18000000e-03
6.80000000e-03
7.00000000e-03
6.73000000e-03
6.99000000e-03
6.59000000e-03
6.80000000e-03
6.70000000e-03
6.91000000e-03
7.33000000e-03
6.71000000e-03
7.39000000e-03
6.89000000e-03
6.83000000e-03
7.29000000e-03
6.44000000e-03
7.15000000e-03
7.02000000e-03
6.46000000e-03
6.70000000e-03
6.49000000e-03
6.71000000e-03
6.86000000e-03
6.45000000e-03
7.07000000e-03
6.61000000e-03
6.42000000e-03
6.63000000e-03
6.33000000e-03
6.89000000e-03
7.36000000e-03
6.67000000e-03
6.85000000e-03
7.01000000e-03
7.07000000e-03
7.16000000e-03
6.74000000e-03
7.11000000e-03
6.71000000e-03
6.78000000e-03
7.32000000e-03
7.05000000e-03
6.81000000e-03
7.02000000e-03
6.83000000e-03
6.59000000e-03
6.48000000e-03
6.45000000e-03
6.33000000e-03
6.70000000e-03
7.31000000e-03
6.97000000e-03
6.66000000e-03
6.93000000e-03
6.56000000e-03
7.11000000e-03
7.15000000e-03
6.84000000e-03
7.35000000e-03
6.78000000e-03
6.58000000e-03
6.52000000e-03
6.71000000e-03
6.58000000e-03
6.57000000e-03
6.44000000e-03
6.62000000e-03
6.85000000e-03
6.80000000e-03
6.88000000e-03
6.61000000e-03
7.05000000e-03
6.72000000e-03
6.79000000e-03
6.81000000e-03
6.49000000e-03
7.08000000e-03
6.55000000e-03
7.05000000e-03
6.79000000e-03
6.90000000e-03
6.84000000e-03
7.46000000e-03
6.42000000e-03
6.80000000e-03
6.73000000e-03
6.45000000e-03
6.51000000e-03
7.03000000e-03
6.31000000e-03
6.49000000e-03
6.81000000e-03
6.58000000e-03
7.11000000e-03
7.12000000e-03
6.68000000e-03
6.56000000e-03
6.64000000e-03
6.32000000e-03
7.17000000e-03
6.96000000e-03
7.32000000e-03
6.63000000e-03
6.34000000e-03
6.84000000e-03
6.52000000e-03
6.31000000e-03
7.26000000e-03
6.30000000e-03
6.35000000e-03
6.60000000e-03
6.83000000e-03
6.53000000e-03
6.66000000e-03
7.14000000e-03
6.74000000e-03
6.61000000e-03
6.73000000e-03
6.64000000e-03
6.52000000e-03
6.66000000e-03
6.46000000e-03
6.42000000e-03
6.45000000e-03
7.19000000e-03
7.00000000e-03
6.79000000e-03
6.71000000e-03
6.35000000e-03
6.54000000e-03
7.01000000e-03
6.55000000e-03
7.14000000e-03
6.65000000e-03
6.59000000e-03
6.49000000e-03
6.47000000e-03
6.86000000e-03
2.27800000e-02
6.96000000e-03
6.68000000e-03
6.70000000e-03
2.46570000e-01
8.28000000e-03
7.22000000e-03
6.44000000e-03
6.49000000e-03
6.61000000e-03
6.97000000e-03
6.78000000e-03
6.53000000e-03
6.50000000e-03
6.41000000e-03
7.24000000e-03
6.46000000e-03
1.29000000e-02
6.35000000e-03
6.65000000e-03
6.45000000e-03
6.95000000e-03
7.29000000e-03
6.75000000e-03
6.71000000e-03
6.76000000e-03
6.87000000e-03
6.43000000e-03
6.37000000e-03
6.77000000e-03
6.67000000e-03
6.59000000e-03
7.04000000e-03
6.61000000e-03
6.45000000e-03
7.16000000e-03
6.84000000e-03
6.69000000e-03
7.27000000e-03
6.54000000e-03
6.85000000e-03
7.35000000e-03
7.40000000e-03
7.06000000e-03
6.92000000e-03
6.37000000e-03
6.86000000e-03
7.19000000e-03
6.61000000e-03
7.08000000e-03
6.49000000e-03
7.29000000e-03
6.55000000e-03
6.39000000e-03
6.87000000e-03
6.47000000e-03
6.63000000e-03
1.46400000e-02
7.33000000e-03
6.48000000e-03
6.36000000e-03
6.39000000e-03
6.60000000e-03
7.14000000e-03
6.41000000e-03
7.06000000e-03
6.33000000e-03
6.58000000e-03
6.78000000e-03
7.34000000e-03
6.89000000e-03
6.80000000e-03
6.53000000e-03
6.74000000e-03
6.91000000e-03
6.62000000e-03
6.52000000e-03
6.61000000e-03
6.46000000e-03
6.47000000e-03
6.35000000e-03
6.35000000e-03
7.65000000e-03
6.85000000e-03
7.23000000e-03
6.54000000e-03
6.42000000e-03
7.31000000e-03
6.52000000e-03
6.43000000e-03
6.61000000e-03
6.50000000e-03
6.93000000e-03
6.50000000e-03
6.79000000e-03
6.57000000e-03
7.05000000e-03
6.48000000e-03
6.33000000e-03
6.73000000e-03
6.47000000e-03
7.71000000e-03
6.28000000e-03
6.47000000e-03
6.96000000e-03
6.59000000e-03
6.49000000e-03
6.72000000e-03
7.32000000e-03
6.92000000e-03
7.19000000e-03
6.53000000e-03
6.61000000e-03
6.35000000e-03
6.95000000e-03
6.59000000e-03
6.35000000e-03
6.78000000e-03
6.56000000e-03
6.72000000e-03
6.91000000e-03
6.40000000e-03
6.49000000e-03
7.42000000e-03
6.49000000e-03
6.64000000e-03
7.21000000e-03
7.54000000e-03
7.18000000e-03
6.76000000e-03
6.50000000e-03
6.94000000e-03
6.30000000e-03
6.84000000e-03
6.93000000e-03
6.29000000e-03
6.68000000e-03
7.29000000e-03
7.18000000e-03
7.28000000e-03
6.79000000e-03
6.72000000e-03
6.39000000e-03
6.43000000e-03
7.62000000e-03
6.28000000e-03
7.06000000e-03
6.75000000e-03
7.08000000e-03
6.70000000e-03
7.09000000e-03
6.50000000e-03
6.83000000e-03
7.19000000e-03
6.57000000e-03
6.67000000e-03
6.82000000e-03
6.94000000e-03
7.25000000e-03
7.03000000e-03
6.61000000e-03
6.36000000e-03
4.96300000e-02
6.41000000e-03
7.20000000e-03
6.26000000e-03
7.42000000e-03
6.51000000e-03
6.41000000e-03
6.45000000e-03
6.99000000e-03
6.33000000e-03
6.43000000e-03
6.63000000e-03
7.33000000e-03
7.11000000e-03
6.94000000e-03
6.72000000e-03
6.74000000e-03
6.41000000e-03
9.53000000e-03
7.23000000e-03
6.64000000e-03
6.57000000e-03
7.85000000e-03
6.92000000e-03
6.86000000e-03
6.36000000e-03
7.61000000e-03
6.34000000e-03
6.69000000e-03
6.51000000e-03
6.43000000e-03
6.62000000e-03
6.42000000e-03
6.42000000e-03
7.02000000e-03
6.94000000e-03
6.90000000e-03
6.81000000e-03
7.03000000e-03
6.96000000e-03
6.91000000e-03
7.27000000e-03
7.17000000e-03
7.46000000e-03
6.73000000e-03
7.11000000e-03
6.72000000e-03
6.80000000e-03
6.53000000e-03
7.20000000e-03
6.49000000e-03
6.51000000e-03
6.73000000e-03
6.38000000e-03
6.85000000e-03
6.42000000e-03
6.48000000e-03
6.49000000e-03
6.84000000e-03
7.20000000e-03
6.69000000e-03
7.46000000e-03
6.71000000e-03
6.96000000e-03
6.69000000e-03
7.49000000e-03
7.08000000e-03
7.14000000e-03
6.41000000e-03
7.11000000e-03
7.08000000e-03
6.66000000e-03
6.88000000e-03
8.90000000e-03
7.87000000e-03
8.46000000e-03
9.19000000e-03
7.12000000e-03
1.25000000e-02
7.77000000e-03
8.08000000e-03
8.48000000e-03
7.94000000e-03
8.33000000e-03
7.50000000e-03
7.63000000e-03
5.85100000e-02
9.27000000e-03
8.38000000e-03
8.56000000e-03
7.70000000e-03
8.34000000e-03
7.87000000e-03
7.88000000e-03
7.65000000e-03
1.01100000e-02
7.63000000e-03
7.32000000e-03
7.83000000e-03
7.91000000e-03
7.94000000e-03
8.10000000e-03
7.49000000e-03
5.14000000e-02
7.83000000e-03
7.61000000e-03
7.48000000e-03
4.76100000e-02
7.97000000e-03
6.87000000e-03
6.93000000e-03
7.53000000e-03
7.41000000e-03
7.23000000e-03
7.99000000e-03
7.87000000e-03
8.31000000e-03
6.95000000e-03
6.93000000e-03
7.45000000e-03
7.44000000e-03
6.94000000e-03
6.99000000e-03
7.33000000e-03
7.57000000e-03
9.14000000e-03
7.47000000e-03
7.13000000e-03
9.79400000e-02
7.47000000e-03
6.97000000e-03
6.65000000e-03
6.67000000e-03
7.51000000e-03
7.61000000e-03
6.95000000e-03
6.68000000e-03
6.62000000e-03
6.71000000e-03
7.46000000e-03
7.01000000e-03
6.09000000e-03
3.16700000e-02
6.77000000e-03
6.54000000e-03
6.60000000e-03
6.32000000e-03
6.49000000e-03
6.82000000e-03
6.78000000e-03
6.26000000e-03
7.47000000e-03
6.61000000e-03
6.23000000e-03
7.18000000e-03
7.16000000e-03
6.93000000e-03
6.15000000e-03
6.95000000e-03
5.92000000e-03
6.85000000e-03
6.13000000e-03
6.18000000e-03
7.83000000e-03
6.65000000e-03
7.19000000e-03
6.62000000e-03
6.53000000e-03
6.21000000e-03
6.13000000e-03
6.43000000e-03
5.83000000e-03
6.18000000e-03
9.77000000e-03
6.38000000e-03
6.84000000e-03
5.79000000e-03
6.00000000e-03
6.38000000e-03
3.08110000e-01
6.97000000e-03
7.25000000e-03
7.23000000e-03
7.48000000e-03
5.61000000e-03
6.84000000e-03
6.34000000e-03
6.01000000e-03
6.72000000e-03
5.48000000e-03
6.68000000e-03
7.04000000e-03
5.74000000e-03
6.38000000e-03
6.28000000e-03
7.08000000e-03
5.91000000e-03
1.77500000e-02
5.92000000e-03
7.21000000e-03
6.12000000e-03
6.24000000e-03
5.73000000e-03
5.16000000e-03
5.64000000e-03
6.51000000e-03
7.11000000e-03
7.00000000e-03
7.25000000e-03
5.50000000e-03
3.50400000e-02
7.08000000e-03
7.11000000e-03
5.63000000e-03
5.23000000e-03
1.21800000e-02
7.13000000e-03
5.18000000e-03
6.00000000e-03
6.09000000e-03
2.50400000e-02
5.42000000e-03
6.23000000e-03
6.00000000e-03
5.62000000e-03
7.13000000e-03
5.38000000e-03
6.50000000e-03
7.52000000e-03
6.56000000e-03
2.12900000e-02
5.84000000e-03
5.26000000e-03
5.34000000e-03
6.57000000e-03
5.18000000e-03
5.11000000e-03
5.85000000e-03
5.57000000e-03
7.78000000e-03
5.56000000e-03
6.75000000e-03
5.67000000e-03
5.49000000e-03
6.40000000e-03
5.27000000e-03
6.70000000e-03
5.47000000e-03
6.49000000e-03
4.96000000e-03
5.17000000e-03
6.90000000e-03
5.31000000e-03
5.28000000e-03
5.27000000e-03
6.93000000e-03
7.82000000e-03
5.96000000e-03
6.15000000e-03
8.56000000e-03
5.07000000e-03
5.71000000e-03
4.81000000e-03
5.42000000e-03
5.69000000e-03
5.21000000e-03
5.28000000e-03
6.12000000e-03
4.76000000e-03
6.24000000e-03
5.01000000e-03
5.56000000e-03
5.80000000e-03
4.75000000e-03
6.05900000e-02
5.38000000e-03
4.83000000e-03
5.47000000e-03
5.07000000e-03
5.13000000e-03
4.67000000e-03
5.81000000e-03
4.47000000e-03
4.86000000e-03
4.76000000e-03
5.41000000e-03
4.79000000e-03
6.29000000e-03
4.85000000e-03
4.73000000e-03
5.07000000e-03
6.58000000e-03
4.69000000e-03
4.52000000e-03
4.68000000e-03
3.95000000e-03
5.29000000e-03
4.41000000e-03
5.50000000e-03
4.16000000e-03
6.20000000e-03
5.78000000e-03
4.04000000e-03
4.61000000e-03
4.13000000e-03
4.23000000e-03
4.50000000e-03
5.30000000e-03
5.02000000e-03
6.73000000e-03
4.71000000e-03
4.97000000e-03
5.05000000e-03
4.51000000e-03
5.07000000e-03
4.39000000e-03
4.28000000e-03
4.51000000e-03
4.93000000e-03
4.41000000e-03
4.66000000e-03
5.76000000e-03
5.07000000e-03
4.97000000e-03
4.21000000e-03
3.66000000e-03
5.55000000e-03
6.62000000e-03
5.35000000e-03
3.43000000e-03
4.30000000e-03
4.88000000e-03
4.91000000e-03
5.00000000e-03
3.71000000e-03
4.26000000e-03
4.06000000e-03
4.40000000e-03
5.73000000e-03
4.66000000e-03
3.64000000e-03
4.63000000e-03
4.38000000e-03
4.42000000e-03
4.74000000e-03
4.79000000e-03
4.13000000e-03
2.70900000e-02
4.93000000e-03
4.43000000e-03
4.00000000e-03
3.88000000e-03
6.49000000e-03
3.66000000e-03
5.63000000e-03
5.24000000e-03
4.90000000e-03
4.99000000e-03
3.28140000e-01
6.30000000e-03
4.63000000e-03
5.07000000e-03
4.91000000e-03
8.36000000e-03
5.67000000e-03
5.93000000e-03
2.00700000e-02
4.31000000e-03
7.32000000e-03
5.28000000e-03
4.13000000e-03
3.61000000e-03
4.90000000e-03
4.91000000e-03
5.45000000e-03
4.31000000e-03
4.77000000e-03
4.29000000e-03
4.44000000e-03
1.15880000e-01
5.61000000e-03
4.61300000e-02
5.06000000e-03
4.64000000e-03
5.44000000e-03
4.49000000e-03
4.60000000e-03
4.40000000e-03
3.63000000e-03
3.28500000e-02
4.24000000e-03
3.75000000e-03
6.30000000e-03
4.38000000e-03
3.66000000e-03
3.87000000e-03
5.45000000e-03
4.12000000e-03
4.78000000e-03
5.30000000e-03
6.72000000e-03
5.06000000e-03
4.68000000e-03
5.82000000e-03
4.32000000e-03
3.67000000e-03
6.16000000e-03
4.51000000e-03
6.27000000e-03
4.53000000e-03
1.74500000e-02
5.78000000e-03
9.68000000e-03
4.83000000e-03
3.85000000e-03
7.00000000e-03
3.99000000e-03
4.92000000e-03
7.07000000e-03
4.57000000e-03
3.89000000e-03
4.38000000e-03
4.87000000e-03
4.34000000e-03
4.38000000e-03
4.10000000e-03
6.65000000e-03
4.88000000e-03
4.89000000e-03
1.85400000e-02
4.33000000e-03
4.03000000e-03
3.07600000e-02
7.25600000e-02
4.86000000e-03
5.64000000e-03
4.08000000e-03
6.16000000e-03
3.81000000e-03
4.16000000e-03
4.62000000e-03
1.49500000e-02
3.80000000e-03
4.33000000e-03
4.42000000e-03
3.78000000e-03
4.32000000e-03
4.97100000e-02
5.12000000e-03
6.59000000e-03
3.97000000e-03
6.72000000e-03
5.52000000e-03
4.21000000e-03
4.17000000e-03
4.20000000e-03
4.51000000e-03
5.03000000e-03
1.75600000e-02
4.28000000e-03
4.36000000e-03
4.13000000e-03
5.86000000e-03
6.37000000e-03
5.65000000e-03
4.49000000e-03
5.03000000e-03
5.14000000e-03
5.64000000e-03
4.41000000e-03
4.34000000e-03
5.11000000e-03
4.77000000e-03
5.98000000e-03
7.10000000e-03
4.65000000e-03
4.50000000e-03
4.74000000e-03
4.05000000e-03
5.19000000e-03
4.97000000e-03
4.30000000e-03
5.09000000e-03
3.92000000e-03
7.12000000e-03
3.91000000e-03
6.58000000e-03
4.17000000e-03
4.64000000e-03
6.17000000e-03
4.69000000e-03
4.60000000e-03
4.24000000e-03
4.44000000e-03
4.58000000e-03
6.88000000e-03
4.82000000e-03
4.20000000e-03
8.28000000e-03
5.47000000e-03
4.78000000e-03
4.76000000e-03
6.65000000e-03
5.65000000e-03
4.33000000e-03
4.86000000e-03
4.71000000e-03
7.28000000e-03
7.97000000e-03
5.06000000e-03
5.38000000e-03
5.27000000e-03
1.23290000e-01
6.68000000e-03
3.99000000e-03
7.99000000e-03
4.70000000e-03
4.70000000e-03
5.16000000e-03
5.12000000e-03
4.68000000e-03
4.46000000e-03
3.98000000e-03
6.16000000e-03
3.58000000e-03
4.84000000e-03
5.68000000e-03
4.38000000e-03
3.84000000e-03
5.06000000e-03
4.51000000e-03
5.67000000e-03
4.38000000e-03
4.53000000e-03
4.30000000e-03
6.43000000e-03
4.42000000e-03
4.27000000e-03
3.52300000e-02
1.06500000e-02
5.21000000e-03
1.23900000e-02
4.81000000e-03
6.07000000e-03
6.72000000e-03
5.14000000e-03
6.70000000e-03
3.88000000e-03
3.79000000e-03
5.69000000e-03
4.06000000e-03
3.87000000e-03
4.78000000e-03
4.01000000e-03
1.15900000e-02
4.32000000e-03
4.38000000e-03
4.50000000e-03
7.05000000e-03
5.21000000e-03
5.70000000e-03
8.54000000e-03
4.17000000e-03
4.21000000e-03
7.18000000e-03
4.19000000e-03
4.82000000e-03
3.92000000e-03
5.02000000e-03
5.75000000e-03
4.32000000e-03
4.88000000e-03
4.73000000e-03
4.81000000e-03
4.50000000e-03
4.83000000e-03
5.63000000e-03
4.26000000e-03
4.81000000e-03
4.02000000e-03
4.47000000e-03
6.21000000e-03
1.21250000e-01
4.25000000e-03
4.36000000e-03
4.14000000e-03
4.15000000e-03
4.08000000e-03
3.62000000e-03
5.46000000e-03
7.05000000e-03
7.37000000e-03
3.92000000e-03
8.67000000e-03
3.95000000e-03
9.57000000e-03
4.64000000e-03
5.29000000e-03
3.86000000e-03
3.79000000e-03
3.93000000e-03
4.67000000e-03
4.07000000e-03
4.34000000e-03
3.81000000e-03
4.67000000e-03
6.53000000e-03
3.99000000e-03
3.77000000e-03
5.26000000e-03
6.40000000e-03
4.14000000e-03
4.07000000e-03
4.29000000e-03
5.73000000e-03
4.31000000e-03
4.03000000e-03
4.02000000e-03
4.51000000e-03
4.34000000e-03
2.64000000e-02
3.99000000e-03
3.94000000e-03
4.87000000e-03
3.92000000e-03
5.00000000e-03
4.84000000e-03
5.57000000e-03
6.33000000e-03
4.18000000e-03
4.92000000e-03
3.78000000e-03
4.80000000e-03
3.70000000e-03
5.33000000e-03
5.13000000e-03
3.79000000e-03
5.80000000e-03
3.75000000e-03
4.29000000e-03
4.19000000e-03
5.06000000e-03
3.82000000e-03
5.01000000e-03
3.73000000e-03
7.70000000e-03
6.22000000e-03
3.76000000e-03
5.68000000e-03
3.95000000e-03
4.45000000e-03
1.25900000e-02
3.88000000e-03
6.21000000e-03
4.18000000e-03
4.10000000e-03
6.41000000e-03
3.62000000e-03
5.58000000e-03
5.02000000e-03
6.20000000e-03
5.54000000e-03
5.17000000e-03
4.79000000e-03
8.42000000e-03
6.88000000e-03
4.95000000e-03
5.51000000e-03
1.86140000e-01
6.26000000e-03
4.07000000e-03
5.55000000e-03
3.49000000e-03
5.57000000e-03
3.72000000e-03
6.49000000e-03
3.88000000e-03
4.21000000e-03
6.45000000e-03
3.92000000e-03
5.76000000e-03
4.14000000e-03
4.06000000e-03
4.88000000e-03
4.06000000e-03
6.50000000e-03
3.98000000e-03
4.92000000e-03
3.65000000e-03
4.47000000e-03
3.55000000e-03
5.28000000e-03
4.16000000e-03
4.32000000e-03
3.30000000e-03
3.46000000e-03
4.60000000e-03
7.51000000e-03
6.98000000e-03
3.24000000e-03
3.20000000e-03
4.03000000e-03
3.45000000e-03
4.73000000e-03
5.46000000e-03
4.03000000e-03
3.57000000e-03
4.80000000e-03
3.75000000e-03
2.35800000e-02
5.74000000e-03
9.54000000e-03
1.53100000e-02
3.98000000e-03
4.69000000e-03
9.30000000e-03
3.45000000e-03
3.16000000e-03
7.83000000e-03
4.52000000e-03
3.58000000e-03
5.53000000e-03
4.03000000e-03
3.09000000e-03
5.01000000e-03
2.79000000e-03
4.50000000e-03
6.54000000e-03
3.60000000e-03
3.35000000e-03
3.04000000e-03
4.77000000e-03
6.04000000e-03
3.19000000e-03
3.52000000e-03
3.25000000e-03
3.00000000e-03
5.07000000e-03
3.19000000e-03
3.38000000e-03
4.04000000e-03
3.80000000e-03
4.66000000e-03
3.13000000e-03
3.00000000e-03
5.39000000e-03
5.20000000e-03
8.30000000e-03
3.05000000e-03
3.93000000e-03
2.01600000e-02
7.73000000e-03
7.44000000e-03
4.25000000e-03
3.55000000e-03
2.77000000e-03
4.82000000e-03
3.91000000e-03
3.81000000e-03
3.34000000e-03
4.03000000e-03
6.05000000e-03
2.99000000e-03
4.09000000e-03
4.42000000e-03
2.89000000e-03
2.91000000e-03
1.14800000e-02
6.33000000e-03
4.34000000e-03
3.93000000e-03
2.80000000e-03
1.35300000e-02
6.86000000e-03
2.71000000e-03
4.43000000e-03
2.82000000e-03
9.13000000e-03
4.11000000e-03
1.09600000e-02
3.99000000e-03
1.00300000e-02
8.66000000e-03
2.87000000e-03
8.48000000e-03
3.87000000e-03
2.96000000e-03
4.96000000e-03
3.42000000e-03
2.62000000e-03
3.32000000e-03
4.32000000e-03
1.17900000e-02
8.25000000e-03
3.41000000e-03
3.11000000e-03
2.93000000e-03
2.75000000e-03
3.64000000e-03
4.53000000e-03
2.64000000e-03
3.18000000e-03
6.16000000e-03
2.23000000e-03
2.69000000e-03
2.86000000e-03
3.65000000e-03
3.30000000e-03
3.03000000e-03
2.67000000e-03
1.38000000e-02
5.00000000e-03
5.12000000e-03
4.81000000e-03
2.96000000e-03
2.73000000e-03
3.85000000e-03
7.20000000e-03
4.15000000e-03
3.01000000e-03
3.21000000e-03
3.94000000e-03
2.53000000e-03
4.45000000e-03
3.74000000e-03
3.73000000e-03
8.58000000e-03
2.51000000e-03
1.15000000e-02
4.51000000e-03
3.00000000e-03
3.20000000e-03
3.36000000e-03
5.42000000e-03
6.58000000e-03
3.87000000e-03
3.09000000e-03
3.25000000e-03
3.30000000e-03
6.72000000e-03
1.05200000e-02
3.93000000e-03
3.29000000e-03
3.48000000e-03
5.47000000e-03
3.36000000e-03
3.22000000e-03
2.76000000e-03
4.04000000e-03
3.95000000e-03
3.96000000e-03
3.80000000e-03
4.17000000e-03
4.03000000e-03
6.83000000e-03
3.06000000e-03
3.62000000e-03
1.12600000e-02
3.95000000e-03
4.52000000e-03
2.37000000e-03
2.02000000e-03
2.80000000e-03
3.32000000e-03
3.75000000e-03
5.22000000e-03
3.21000000e-03
3.86000000e-03
3.28000000e-03
4.08000000e-03
3.41000000e-03
4.06000000e-03
4.25000000e-03
3.18000000e-03
2.70000000e-03
3.17000000e-03
2.90000000e-03
2.59000000e-03
2.84000000e-03
3.99000000e-03
2.70000000e-03
2.94000000e-03
3.30000000e-03
5.86000000e-03
3.11000000e-03
2.21000000e-03
2.79000000e-03
2.57000000e-03
2.47000000e-03
3.79000000e-03
2.88000000e-03
7.43000000e-03
2.66000000e-03
3.40000000e-03
4.49000000e-03
3.16000000e-03
4.56000000e-03
2.50000000e-03
3.88000000e-03
3.92000000e-03
3.95000000e-03
4.51000000e-03
2.43000000e-03
5.71000000e-03
5.47000000e-03
3.25000000e-03
3.53000000e-03
3.46000000e-03
5.18000000e-03
4.94000000e-03
3.01000000e-03
5.73000000e-03
3.95000000e-03
5.09000000e-03
7.68000000e-03
6.02000000e-03
2.68000000e-03
3.43000000e-03
3.35000000e-03
3.18000000e-03
2.80000000e-03
4.89000000e-03
3.29000000e-03
3.81000000e-03
2.92000000e-03
1.95000000e-03
2.58000000e-03
3.73000000e-03
5.22000000e-03
2.84000000e-03
2.15000000e-03
3.26000000e-03
2.58000000e-03
3.91000000e-03
2.67000000e-03
3.87000000e-03
1.06600000e-02
3.62000000e-03
4.35000000e-03
2.75000000e-03
4.31000000e-03
4.74000000e-03
3.22000000e-03
4.95000000e-03
2.28000000e-03
3.44000000e-03
4.30000000e-03
3.65800000e-02
7.68000000e-03
5.38000000e-03
2.57000000e-03
2.64240000e-01
4.12000000e-03
2.39000000e-03
3.10000000e-03
4.91000000e-03
6.80000000e-03
5.38000000e-03
8.17000000e-03
3.21000000e-03
3.10000000e-03
3.35000000e-03
2.98000000e-03
2.73000000e-03
2.01000000e-03
2.44000000e-03
4.22000000e-03
7.73000000e-03
4.30000000e-03
9.62000000e-03
4.55000000e-03
4.77000000e-03
2.61000000e-03
2.57000000e-03
4.44000000e-03
3.10000000e-03
2.90000000e-03
4.61000000e-03
3.56000000e-03
3.71000000e-03
2.95000000e-03
8.04000000e-03
2.99000000e-03
3.56000000e-03
3.38000000e-03
3.19000000e-03
3.32000000e-03
3.69000000e-03
2.99000000e-03
4.64000000e-03
4.33000000e-03
3.87000000e-03
2.70000000e-03
9.56000000e-03
7.06000000e-03
2.96000000e-03
4.92000000e-03
3.87000000e-03
4.99000000e-03
3.27000000e-03
5.27000000e-03
3.22000000e-03
5.03000000e-03
3.32000000e-03
2.42000000e-03
3.11000000e-03
3.01000000e-03
5.56000000e-03
3.14000000e-03
6.55000000e-03
3.85000000e-03
6.89000000e-03
2.19000000e-03
3.47000000e-03
2.83000000e-03
3.15000000e-03
3.73000000e-03
3.54000000e-03
2.96000000e-03
2.64000000e-03
2.70000000e-03
3.41000000e-03
3.88000000e-03
3.37000000e-03
4.11000000e-03
3.64000000e-03
3.09000000e-03
2.88000000e-03
3.07000000e-03
4.05000000e-03
3.06000000e-03
3.22000000e-03
3.93000000e-03
2.37000000e-03
4.29000000e-03
3.00000000e-03
4.44000000e-03
9.40000000e-03
3.12000000e-03
2.56000000e-03
3.12000000e-03
4.88000000e-03
2.70000000e-03
3.17000000e-03
7.80000000e-03
6.11000000e-03
3.35000000e-03
2.44000000e-03
5.73000000e-03
2.38000000e-03
3.21000000e-03
3.15000000e-03
2.67000000e-03
2.98000000e-03
8.97000000e-03
3.67000000e-03
5.44000000e-03
2.52000000e-03
3.87000000e-03
2.10500000e-02
3.27000000e-03
3.09000000e-03
2.10900000e-02
3.77000000e-03
3.51000000e-03
4.86000000e-03
5.68000000e-03
3.71000000e-03
2.42000000e-03
6.08000000e-03
5.96000000e-03
3.11000000e-03
5.84000000e-03
4.05000000e-03
1.07700000e-02
3.64000000e-03
2.22000000e-03
5.15000000e-03
3.30000000e-03
3.43000000e-03
1.03300000e-02
5.19000000e-03
2.86000000e-03
2.52000000e-03
1.80110000e-01
3.00000000e-03
2.00100000e-02
2.85000000e-03
4.22000000e-03
3.96000000e-03
3.09000000e-03
5.04000000e-03
2.85000000e-03
3.27000000e-03
2.38000000e-03
6.10000000e-03
6.85000000e-03
4.12000000e-03
3.90000000e-03
2.21000000e-03
6.03000000e-03
2.65000000e-03
1.29500000e-02
3.24000000e-03
3.19000000e-03
2.94000000e-03
3.06000000e-03
2.93000000e-03
4.91000000e-03
6.30000000e-03
3.07000000e-03
3.41000000e-03
3.61000000e-03
3.59000000e-03
6.30000000e-03
5.87000000e-03
3.09000000e-03
3.55000000e-03
8.03000000e-03
3.63000000e-03
3.74000000e-03
3.52000000e-03
6.75000000e-03
5.87000000e-03
2.82000000e-03
4.22000000e-03
4.24000000e-03
3.71000000e-03
2.81000000e-03
4.06000000e-03
4.07000000e-03
2.98000000e-03
3.67000000e-03
5.82000000e-03
5.19000000e-03
1.05600000e-02
1.45900000e-02
2.80000000e-03
5.07000000e-03
1.44000000e-02
5.05000000e-03
4.10000000e-03
2.70000000e-03
3.65100000e-02
7.96000000e-03
6.69000000e-03
1.36300000e-02
2.54000000e-03
3.05000000e-03
3.34000000e-03
8.48000000e-03
6.49000000e-03
4.21000000e-03
3.50000000e-03
2.96000000e-03
3.31000000e-03
2.82000000e-03
5.95000000e-03
5.14000000e-03
7.87000000e-03
4.40000000e-03
3.39000000e-03
2.60000000e-03
3.08000000e-03
3.01000000e-03
4.26000000e-03
6.51000000e-03
7.82730000e-01
8.56000000e-03
4.54000000e-03
2.79000000e-03
3.25000000e-03
3.24400000e-02
9.34000000e-03
3.66000000e-03
3.43000000e-03
1.08200000e-02
5.78000000e-03
4.16000000e-03
1.75200000e-02
4.59000000e-03
3.39000000e-03
1.14300000e-02
3.21000000e-03
1.72300000e-02
3.63000000e-03
2.92000000e-03
3.47000000e-03
2.34400000e-02
4.10000000e-03
1.16370000e-01
3.17000000e-03
3.23000000e-03
6.51000000e-03
3.39000000e-03
5.09000000e-03
3.08000000e-03
3.12000000e-03
5.32000000e-03
5.52000000e-03
3.47000000e-03
8.23000000e-03
2.62000000e-03
3.57000000e-03
3.45000000e-03
2.60000000e-03
2.76000000e-03
5.66000000e-03
2.56000000e-03
6.83000000e-03
1.11300000e-02
3.14100000e-02
6.64000000e-03
3.26000000e-03
7.44000000e-03
2.77000000e-03
3.16000000e-03
3.43000000e-03
3.05000000e-03
1.32600000e-02
2.89000000e-03
2.77000000e-03
2.04600000e-02
2.01900000e-02
3.24000000e-03
4.02000000e-03
3.02000000e-03
2.40400000e-02
1.48500000e-02
5.56000000e-03
4.41000000e-03
3.98000000e-03
2.44000000e-03
4.87000000e-03
3.42000000e-03
2.55000000e-03
2.85400000e-02
4.94000000e-03
9.15000000e-03
4.39000000e-03
4.25000000e-03
5.46000000e-03
1.14000000e-02
1.01100000e-02
1.99500000e-02
3.71000000e-03
1.68700000e-02
6.50000000e-03
3.36000000e-03
5.99000000e-03
7.08000000e-03
5.73000000e-03
4.14000000e-03
8.83000000e-03
9.65000000e-03
4.74000000e-03
3.06000000e-03
2.52000000e-03
1.64600000e-02
4.27000000e-03
3.08000000e-03
1.07300000e-02
5.50000000e-03
2.43000000e-03
4.49000000e-03
3.71000000e-03
2.75800000e-02
1.81230000e-01
3.43000000e-03
6.75000000e-03
3.05000000e-03
4.34000000e-03
2.91000000e-03
2.36600000e-02
3.21000000e-03
4.14000000e-03
4.78000000e-03
7.04000000e-03
2.08000000e-02
2.97000000e-03
1.50000000e-02
2.89000000e-03
2.44000000e-03
2.36000000e-03
4.85000000e-03
2.50000000e-03
9.97000000e-03
7.29000000e-03
3.06000000e-03
6.49100000e-02
3.76000000e-03
2.07100000e-02
1.37500000e-02
3.35000000e-03
2.56000000e-03
7.09000000e-03
2.54000000e-03
3.41000000e-03
5.13000000e-03
1.94200000e-02
3.09000000e-03
3.66000000e-03
2.74000000e-03
5.09000000e-03
1.40600000e-02
1.26800000e-02
2.51000000e-03
1.72300000e-02
4.73000000e-03
2.47000000e-03
1.64800000e-02
4.12000000e-03
3.82000000e-03
3.12000000e-03
3.41000000e-03
3.36000000e-03
3.49000000e-03
1.95900000e-02
2.81000000e-03
1.10000000e-02
4.68000000e-03
3.70000000e-03
2.45000000e-03
2.87000000e-03
1.31400000e-02
2.36000000e-03
5.24000000e-03
7.95000000e-03
2.07000000e-03
1.52100000e-02
2.46000000e-03
2.77300000e-02
4.45000000e-03
2.13100000e-02
2.02300000e-02
3.54000000e-03
2.45000000e-03
5.11000000e-03
4.70000000e-03
5.24000000e-03
2.07200000e-02
1.32200000e-02
2.75000000e-03
1.55400000e-02
2.82000000e-03
7.48000000e-03
5.85000000e-03
2.06200000e-02
9.52000000e-03
2.61000000e-03
3.18000000e-03
8.26000000e-03
1.72600000e-02
2.57000000e-03
2.46000000e-03
7.68500000e-02
1.36700000e-02
1.63400000e-02
4.09000000e-03
2.26000000e-03
9.16000000e-03
6.20000000e-03
3.32000000e-03
5.40000000e-03
5.61000000e-03
2.98000000e-03
5.65000000e-03
2.28000000e-03
2.74000000e-03
9.90000000e-03
9.43000000e-03
3.33070000e-01
9.70000000e-03
2.40000000e-03
2.19000000e-03
2.25000000e-03
2.53000000e-03
1.05500000e-02
2.46000000e-03
1.47300000e-02
5.72000000e-03
2.73000000e-03
1.15300000e-02
1.16400000e-02
4.12000000e-03
2.47300000e-02
3.32000000e-03
3.28000000e-03
2.54000000e-03
2.57000000e-03
2.20500000e-02
2.71000000e-02
2.68000000e-03
2.35000000e-03
8.09000000e-03
3.84000000e-03
2.30000000e-03
2.99000000e-03
3.19000000e-03
2.48000000e-03
1.45200000e-02
2.00500000e-02
1.48100000e-02
2.12100000e-02
4.00000000e-03
3.86000000e-03
6.05000000e-03
5.32000000e-03
7.68000000e-03
6.42000000e-03
1.06300000e-02
1.18900000e-02
1.46900000e-02
1.26300000e-02
9.81000000e-03
3.06000000e-03
2.94000000e-03
5.18000000e-03
2.45000000e-03
7.31000000e-03
4.32000000e-03
7.92000000e-03
7.46000000e-03
1.76300000e-02
1.98000000e-03
9.42000000e-03
5.35000000e-03
1.98500000e-02
2.32000000e-03
3.13000000e-03
8.42000000e-03
1.31600000e-02
1.46100000e-02
5.82000000e-03
1.33200000e-02
9.02000000e-03
3.24000000e-03
2.99000000e-03
2.99000000e-03
6.92000000e-03
8.81000000e-03
2.89000000e-03
5.47000000e-03
1.30400000e-02
4.97000000e-03
2.40000000e-03
1.44600000e-02
2.91000000e-03
5.54000000e-03
1.57800000e-02
2.25000000e-03
2.31000000e-03
1.30800000e-02
5.16000000e-03
3.30000000e-03
4.19000000e-03
1.48800000e-02
7.36000000e-03
4.05000000e-03
9.72000000e-03
5.07000000e-03
2.60000000e-03
2.43000000e-03
2.63000000e-03
2.74000000e-03
2.41000000e-03
1.22900000e-02
2.58000000e-03
1.18900000e-02
4.35000000e-03
3.62000000e-03
1.27700000e-02
1.06700000e-02
2.54000000e-03
1.59300000e-02
1.58300000e-02
3.33000000e-03
3.33000000e-03
1.95000000e-03
2.56000000e-02
5.61000000e-03
3.95000000e-03
4.09810000e-01
1.08600000e-02
2.21000000e-03
3.21000000e-03
3.14000000e-03
3.28000000e-03
1.36300000e-02
3.88000000e-03
6.39000000e-03
6.32000000e-03
3.43000000e-03
7.90000000e-03
2.20000000e-03
4.64000000e-03
6.04000000e-03
1.39300000e-02
2.69000000e-03
3.71000000e-03
1.34000000e-02
4.00000000e-03
2.80000000e-03
5.66000000e-03
5.60000000e-03
4.37000000e-03
1.43000000e-02
2.65000000e-03
2.67000000e-03
2.72000000e-03
1.22100000e-02
3.16000000e-03
1.31000000e-02
7.42000000e-03
3.56000000e-03
2.55000000e-03
8.68000000e-03
1.14400000e-02
3.52000000e-03
1.25800000e-02
5.82000000e-03
1.28000000e-02
9.70000000e-03
1.24700000e-02
6.94000000e-03
2.91000000e-03
2.90000000e-03
4.59000000e-03
2.95000000e-03
6.60000000e-03
3.38000000e-03
3.04000000e-03
2.87000000e-03
8.25000000e-03
7.06000000e-03
7.98400000e-02
3.44000000e-03
4.50000000e-03
1.20500000e-02
2.95000000e-03
9.50900000e-02
3.17000000e-03
8.34000000e-03
4.48000000e-03
3.38500000e-02
2.97000000e-03
4.36000000e-03
4.15000000e-03
1.16300000e-02
2.44000000e-03
5.28000000e-03
2.23000000e-03
1.10000000e-02
7.10000000e-03
7.06000000e-03
3.25000000e-03
1.42300000e-02
7.41000000e-03
1.00900000e-02
1.61400000e-02
1.18900000e-02
6.28000000e-03
9.47000000e-03
8.42000000e-03
5.02000000e-03
7.66000000e-03
4.57000000e-03
1.33400000e-02
2.64000000e-03
7.66000000e-03
4.50000000e-03
2.28300000e-02
3.63000000e-03
1.36100000e-02
5.53000000e-03
2.08300000e-02
4.73000000e-03
2.92000000e-03
4.11000000e-03
1.87200000e-02
6.72000000e-03
8.05000000e-03
2.76000000e-03
3.70000000e-03
2.21000000e-03
1.21800000e-02
1.38400000e-02
9.29000000e-03
9.71000000e-03
3.08000000e-03
3.69000000e-03
3.89000000e-03
6.18000000e-03
3.65000000e-03
7.23000000e-03
3.37000000e-03
9.27000000e-03
2.60600000e-02
8.43000000e-03
6.07000000e-03
2.85000000e-03
2.97000000e-03
4.11000000e-03
6.97000000e-03
8.66000000e-03
5.31000000e-03
6.64000000e-03
5.71000000e-03
1.53800000e-02
4.62000000e-03
6.49000000e-03
1.09700000e-02
3.41000000e-03
4.87000000e-03
4.99000000e-03
9.76000000e-03
1.08000000e-02
2.78000000e-03
9.29000000e-03
5.72000000e-03
6.43000000e-03
1.25500000e-02
6.90000000e-03
3.79000000e-03
3.11000000e-03
6.05000000e-03
3.54000000e-03
3.44000000e-03
5.23000000e-03
4.12000000e-03
8.42000000e-03
8.32000000e-03
9.28120000e-01
1.28200000e-02
3.84000000e-03
8.07000000e-03
2.77000000e-03
7.50000000e-03
1.97500000e-02
2.74000000e-03
3.92000000e-03
3.02000000e-03
2.46000000e-03
4.65000000e-03
3.78000000e-03
2.27000000e-03
2.56000000e-03
9.08000000e-03
4.25700000e-01
2.84000000e-03
1.06500000e-02
3.04000000e-03
2.46000000e-03
6.03000000e-03
3.18000000e-03
1.66500000e-02
4.35000000e-03
1.95790000e-01
8.88000000e-03
7.10000000e-03
2.93000000e-03
3.71000000e-03
4.28000000e-03
4.27000000e-03
6.75000000e-03
6.10000000e-03
7.70000000e-03
6.62000000e-03
1.22100000e-02
4.05000000e-03
5.27000000e-03
7.25000000e-03
4.79000000e-03
4.65000000e-03
4.40000000e-03
4.85000000e-03
4.47000000e-03
1.24200000e-02
2.20000000e-03
5.99000000e-03
4.91000000e-03
8.10000000e-03
5.94000000e-03
3.34000000e-03
7.17000000e-03
4.23000000e-03
5.30400000e-02
8.57000000e-03
5.71000000e-03
3.83000000e-03
4.80000000e-03
5.10000000e-03
9.70000000e-03
3.42000000e-03
5.66000000e-03
5.14000000e-03
2.67000000e-03
2.97000000e-03
3.65000000e-03
6.45000000e-03
2.33000000e-03
6.81000000e-03
4.04000000e-03
6.00000000e-03
9.57000000e-03
6.50000000e-03
7.47000000e-03
3.34000000e-03
3.43000000e-03
2.83000000e-03
8.85000000e-03
5.49000000e-03
5.10000000e-03
8.38300000e-02
2.73000000e-03
3.21000000e-03
8.48000000e-03
3.68000000e-03
3.41000000e-03
4.76000000e-03
1.13500000e-02
2.78000000e-03
3.41000000e-03
3.45500000e-02
6.83300000e-02
2.62000000e-03
6.49000000e-03
6.60000000e-03
1.21400000e-02
1.91000000e-03
3.06000000e-03
1.19600000e-02
1.81900000e-02
3.73000000e-03
1.60200000e-02
2.66590000e-01
3.61000000e-03
4.44000000e-03
3.17000000e-03
3.00000000e-03
5.13000000e-03
4.20000000e-03
6.53000000e-03
3.32000000e-03
5.70000000e-03
4.47000000e-03
5.46000000e-03
3.72000000e-03
4.17000000e-03
3.91000000e-03
2.27000000e-03
5.84000000e-03
4.99000000e-03
5.75000000e-03
3.92000000e-03
1.30900000e-02
5.27000000e-03
1.18500000e-02
2.54000000e-03
7.60000000e-03
5.05000000e-03
6.28000000e-03
3.76000000e-03
5.56000000e-03
7.44000000e-03
6.48000000e-03
4.44000000e-03
2.89000000e-03
2.36000000e-03
7.04000000e-03
2.91000000e-03
4.12000000e-03
3.84000000e-03
4.35000000e-03
6.44000000e-03
4.07000000e-03
3.07000000e-03
2.55000000e-03
3.50000000e-03
2.66000000e-03
1.03200000e-02
2.36000000e-03
1.98000000e-02
3.16000000e-03
4.75000000e-03
3.78000000e-03
2.85000000e-03
2.77000000e-03
3.00000000e-03
8.22000000e-03
2.62000000e-03
7.53000000e-03
2.59000000e-03
5.51000000e-03
9.78000000e-03
2.06000000e-03
6.35000000e-03
1.53000000e-02
1.07800000e-02
1.44400000e-02
4.22000000e-03
4.95000000e-03
2.78000000e-03
3.04000000e-03
5.12000000e-03
6.84000000e-03
3.91000000e-03
2.62000000e-03
3.52000000e-03
2.33000000e-03
7.34000000e-03
1.54000000e-02
2.85000000e-03
1.00100000e-02
1.03600000e-02
5.13000000e-03
1.99000000e-03
1.21300000e-02
9.23000000e-03
2.45000000e-03
3.73000000e-03
2.41000000e-03
9.93000000e-03
5.41000000e-03
1.28500000e-02
9.24000000e-03
2.18000000e-03
3.46000000e-03
2.54000000e-03
4.56000000e-03
2.59000000e-03
2.44000000e-03
7.97000000e-03
6.61000000e-03
3.81000000e-03
2.31000000e-03
1.30400000e-02
4.38000000e-03
7.83000000e-03
6.43000000e-03
5.41000000e-03
6.53000000e-03
2.23000000e-03
1.83100000e-02
5.60000000e-03
4.63000000e-03
3.46000000e-03
5.60000000e-03
1.34490000e-01
2.74000000e-03
2.11000000e-03
2.22000000e-03
3.45000000e-03
9.70000000e-03
5.85000000e-03
7.36000000e-03
7.19000000e-03
6.21000000e-03
4.56000000e-03
9.15000000e-03
3.94000000e-03
2.86000000e-03
3.69000000e-03
3.76000000e-03
3.91000000e-03
1.94000000e-03
9.43000000e-03
7.98000000e-03
3.86000000e-03
4.24000000e-03
2.00000000e-03
3.28000000e-03
6.24000000e-03
2.99000000e-03
1.31300000e-02
7.93000000e-03
3.07000000e-03
5.84000000e-03
5.70000000e-03
4.51000000e-03
2.32700000e-02
6.06000000e-03
4.80000000e-03
6.09000000e-03
5.10000000e-03
1.29100000e-02
3.66000000e-03
7.93000000e-03
5.67000000e-03
4.56000000e-03
2.28000000e-03
3.83000000e-03
5.13000000e-03
3.05000000e-03
4.68000000e-03
5.08000000e-03
5.89000000e-03
2.66000000e-03
2.91000000e-03
2.31000000e-03
2.09000000e-03
8.98000000e-03
5.40000000e-03
6.55000000e-03
3.32000000e-03
1.97700000e-02
1.17800000e-02
5.86000000e-03
2.40000000e-03
4.88000000e-03
1.58600000e-02
4.42000000e-03
1.23400000e-02
4.85000000e-03
1.29000000e-02
1.22100000e-02
1.05700000e-02
2.92800000e-02
4.63000000e-03
4.18000000e-03
5.60000000e-03
3.92000000e-03
1.47500000e-02
6.78000000e-03
3.13000000e-03
3.81000000e-03
2.67780000e-01
6.53000000e-03
4.30000000e-03
7.53000000e-03
3.63000000e-03
8.12000000e-03
6.12000000e-03
7.66000000e-03
1.31450000e-01
3.62000000e-03
9.12000000e-03
2.07000000e-03
4.58000000e-03
4.42000000e-03
8.08600000e-02
1.09000000e-02
5.20000000e-03
3.80000000e-03
2.88000000e-03
7.55000000e-03
8.07000000e-03
3.53000000e-03
4.05000000e-03
1.77000000e-03
4.17000000e-03
5.92000000e-03
4.99000000e-03
4.43000000e-03
4.26000000e-03
3.53000000e-03
1.32400000e-02
6.87000000e-03
7.08000000e-03
2.89000000e-03
3.73000000e-03
4.63000000e-03
3.87000000e-03
1.99370000e-01
3.34000000e-03
2.03000000e-03
4.83000000e-03
2.95000000e-03
1.15260000e-01
1.24120000e-01
5.80000000e-03
4.32000000e-03
1.48500000e-02
4.94000000e-03
3.39000000e-03
9.11000000e-03
4.74000000e-03
2.82000000e-03
5.06000000e-03
7.61000000e-03
6.71000000e-03
6.42000000e-03
1.00800000e-02
6.53000000e-03
4.62000000e-03
5.85000000e-03
4.53000000e-03
4.38000000e-03
3.78000000e-03
2.77000000e-02
1.13800000e-02
7.71000000e-02
1.18900000e-02
4.74000000e-03
3.11000000e-03
3.77000000e-03
6.39000000e-03
1.10100000e-02
5.15000000e-03
4.47000000e-03
6.24000000e-03
4.65000000e-03
6.57000000e-03
4.83000000e-03
2.69000000e-03
5.74000000e-03
1.74000000e-03
3.44000000e-03
1.01600000e-02
1.00000000e-02
4.56000000e-03
4.53000000e-03
2.63000000e-03
2.79000000e-03
3.43000000e-03
2.27000000e-03
2.16000000e-03
8.18000000e-03
8.52000000e-03
4.33000000e-03
2.17000000e-03
4.15000000e-03
4.34000000e-03
4.65000000e-03
1.03600000e-02
2.17000000e-03
1.91000000e-03
3.57000000e-03
5.57000000e-03
2.48000000e-03
4.36000000e-03
4.96000000e-03
7.61000000e-03
9.24000000e-03
5.60000000e-03
1.06600000e-02
1.44300000e-02
4.59000000e-03
3.52000000e-03
1.83400000e-02
3.89000000e-03
3.11000000e-03
7.73000000e-03
2.06000000e-03
1.01700000e-02
1.29300000e-02
2.75000000e-02
5.48000000e-03
1.93000000e-03
8.83000000e-03
1.20000000e-02
6.68000000e-03
3.00000000e-03
3.14000000e-03
4.98000000e-03
6.03000000e-03
2.15000000e-03
6.43000000e-03
5.88000000e-03
3.29000000e-03
4.25000000e-03
2.37000000e-03
2.62000000e-03
2.37000000e-03
3.75000000e-03
4.71000000e-03
4.66800000e-02
8.29000000e-03
6.01000000e-03
9.25000000e-03
4.95000000e-03
7.42000000e-03
5.89000000e-03
3.44400000e-02
5.34000000e-03
1.12800000e-02
1.42100000e-02
3.44000000e-03
5.52000000e-03
4.05000000e-03
1.01200000e-02
6.19000000e-03
3.42000000e-03
5.27000000e-03
2.81000000e-03
4.89000000e-03
3.43000000e-03
1.14000000e-02
1.81000000e-03
1.36300000e-02
1.85000000e-03
2.67000000e-03
4.40000000e-03
4.91000000e-03
3.96000000e-03
6.68000000e-03
2.97000000e-03
2.15000000e-03
8.07500000e-02
2.18900000e-02
1.22700000e-01
2.34900000e-02
3.61000000e-03
2.78100000e-02
6.94000000e-03
5.71000000e-03
3.70000000e-03
3.12000000e-03
1.03300000e-02
4.74000000e-03
2.25000000e-03
5.32000000e-03
4.69000000e-03
3.20000000e-03
7.09000000e-03
6.90000000e-03
1.84000000e-02
6.47000000e-03
1.45700000e-02
2.96000000e-03
5.99600000e-02
4.65000000e-03
2.37000000e-03
3.53000000e-03
1.43800000e-02
1.72000000e-03
2.87000000e-03
2.24000000e-03
4.83000000e-03
1.59000000e-02
5.74000000e-03
1.25200000e-02
3.19600000e-02
5.79000000e-03
3.31000000e-03
1.12100000e-02
3.15000000e-03
1.81300000e-02
9.05000000e-03
2.98000000e-03
8.49000000e-03
3.77000000e-03
9.50000000e-03
3.52000000e-03
7.13000000e-03
5.30000000e-03
1.23200000e-02
1.25200000e-02
6.06000000e-03
2.77200000e-02
5.48000000e-03
6.94000000e-03
2.11000000e-03
9.31000000e-03
5.46000000e-03
4.30000000e-03
7.86000000e-03
3.26000000e-03
6.37800000e-02
6.82000000e-03
3.64000000e-03
4.09000000e-03
4.48000000e-03
5.20000000e-03
1.25300000e-02
7.08000000e-03
3.73000000e-03
8.78000000e-03
3.26000000e-03
3.15000000e-03
6.58000000e-03
3.58000000e-03
3.12200000e-02
6.62150000e-01
9.81000000e-03
3.71000000e-03
2.92000000e-03
4.99000000e-02
1.58300000e-02
3.30000000e-03
2.62000000e-03
2.11000000e-03
4.48000000e-03
5.40000000e-03
6.85000000e-03
2.72000000e-03
1.14800000e-02
3.81000000e-03
1.09700000e-02
4.05040000e-01
3.18000000e-03
1.85000000e-03
8.87000000e-03
4.89000000e-03
3.25000000e-03
5.02000000e-03
9.12500000e-02
3.51000000e-03
3.71000000e-03
5.09000000e-03
4.94000000e-03
6.79000000e-03
1.25100000e-02
4.13000000e-03
6.24000000e-03
2.77000000e-03
1.32040000e-01
9.06000000e-03
3.92000000e-03
1.01700000e-02
6.64000000e-03
5.33000000e-03
5.20700000e-02
6.22000000e-03
2.16000000e-03
3.28000000e-03
7.88300000e-02
2.99000000e-03
3.31000000e-03
3.26000000e-03
3.86000000e-03
3.48000000e-03
6.47000000e-03
9.98000000e-03
3.20000000e-03
3.54000000e-03
5.99000000e-03
1.00400000e-02
1.99200000e-02
4.79000000e-03
2.37000000e-03
2.05000000e-03
6.12000000e-03
9.30000000e-03
2.51000000e-03
5.20000000e-03
5.04000000e-03
5.38000000e-03
3.36000000e-03
2.00500000e-02
5.43000000e-03
3.28000000e-03
5.80000000e-03
4.07100000e-02
3.50000000e-03
7.43000000e-03
6.58000000e-03
1.81000000e-02
3.39000000e-03
3.08000000e-03
5.17000000e-03
2.27000000e-03
6.55000000e-03
2.99200000e-02
7.40000000e-03
7.90000000e-03
6.90000000e-03
3.57000000e-03
2.37500000e-02
5.30000000e-03
6.45000000e-03
3.75200000e-02
4.30000000e-03
6.22000000e-03
4.60000000e-03
1.82000000e-03
4.10000000e-03
1.95100000e-02
2.60000000e-03
4.50000000e-03
3.21000000e-03
4.05000000e-03
2.30500000e-02
1.12800000e-02
4.23000000e-03
4.31000000e-03
7.08000000e-03
2.99000000e-03
5.12000000e-03
3.13000000e-03
7.20000000e-03
3.31000000e-03
7.74000000e-03
3.33000000e-03
3.34000000e-03
2.57000000e-03
3.43000000e-03
5.61000000e-02
6.07100000e-02
7.16000000e-03
2.79000000e-03
2.95000000e-03
5.97000000e-03
4.18000000e-03
3.22000000e-03
5.06000000e-03
2.14000000e-03
4.01000000e-03
4.30000000e-03
3.25700000e-02
1.31700000e-02
7.55000000e-03
3.17000000e-03
4.41000000e-03
3.11000000e-03
3.53000000e-03
2.49000000e-03
3.35000000e-03
5.89000000e-03
4.03000000e-03
1.21600000e-02
2.02000000e-03
5.28000000e-03
3.51000000e-03
4.18000000e-03
4.75000000e-03
3.99000000e-03
1.01200000e-02
8.65000000e-03
1.06100000e-02
8.10000000e-03
2.59400000e-02
3.00000000e-03
5.68100000e-02
3.06000000e-03
2.88000000e-03
3.48000000e-03
2.04000000e-03
4.88000000e-03
2.24000000e-03
3.49000000e-03
5.17000000e-03
3.92600000e-02
4.54000000e-03
5.91000000e-03
4.44000000e-03
9.90000000e-03
1.03600000e-02
5.43000000e-03
1.33100000e-02
3.89700000e-02
7.61000000e-03
4.46000000e-03
4.05400000e-02
5.92000000e-03
1.05469000e+00
1.62900000e-02
1.67600000e-02
2.32500000e-02
5.43000000e-03
2.63000000e-03
4.09000000e-03
2.13000000e-03
9.06000000e-02
5.39000000e-03
2.95000000e-03
1.05200000e-02
2.43000000e-03
4.07000000e-03
6.70500000e-02
6.02600000e-02
7.89000000e-03
2.54100000e-02
7.61000000e-03
2.08700000e-02
2.24000000e-03
8.60300000e-02
2.15600000e-02
5.55000000e-03
2.38300000e-02
2.64000000e-03
7.13000000e-03
3.47000000e-03
5.04000000e-03
4.03000000e-03
5.75900000e-02
6.01000000e-03
3.75000000e-03
6.12000000e-03
4.19000000e-03
2.18730000e-01
5.77000000e-03
7.75000000e-03
1.14800000e-02
2.76000000e-03
7.99000000e-03
5.67000000e-03
1.85496000e+00
5.12000000e-03
8.27900000e-02
7.58000000e-03
5.45000000e-03
3.85000000e-03
4.28000000e-03
9.38000000e-03
5.01000000e-03
2.15000000e-03
1.40100000e-02
4.20000000e-03
1.00000000e-02
4.15000000e-03
6.10000000e-03
1.55000000e-02
1.29600000e-02
2.33400000e-02
2.80000000e-03
7.33200000e-02
6.00000000e-03
1.27100000e-02
2.54000000e-03
4.41000000e-03
2.71000000e-03
2.99000000e-03
1.35700000e-02
2.72000000e-03
8.44000000e-03
7.51000000e-03
4.20000000e-03
4.20000000e-03
3.24000000e-03
4.09000000e-03
1.13000000e-02
5.95000000e-03
2.71000000e-03
1.55000000e-03
1.44000000e-02
9.24200000e-02
7.88000000e-03
6.40000000e-03
3.43000000e-03
4.97000000e-03
4.87000000e-03
2.36000000e-03
2.70000000e-03
5.97000000e-03
7.28000000e-03
5.18000000e-03
2.81000000e-03
1.51200000e-02
1.79200000e-02
3.30500000e-02
1.54800000e-02
4.00000000e-03
5.81000000e-03
2.04000000e-03
1.27720000e-01
9.80000000e-03
4.80000000e-03
5.35000000e-03
4.28000000e-03
2.57000000e-03
5.51000000e-03
4.49000000e-03
7.54000000e-03
5.53000000e-03
1.23800000e-02
2.13000000e-03
3.07000000e-03
5.29000000e-03
3.17000000e-03
6.18000000e-03
5.81000000e-03
8.71000000e-03
9.60800000e-02
6.20000000e-03
3.42000000e-03
7.87000000e-03
3.38000000e-03
2.59000000e-03
6.34000000e-03
2.63000000e-03
5.18000000e-03
5.36000000e-03
1.19200000e-02
1.31100000e-02
4.22000000e-03
6.04000000e-03
7.12000000e-02
3.16000000e-03
6.02000000e-03
4.75000000e-03
6.75000000e-03
4.54000000e-03
3.24000000e-03
1.98000000e-03
7.65000000e-03
6.13000000e-03
2.66000000e-03
6.28000000e-03
8.76000000e-03
5.41500000e-02
2.21000000e-03
5.39000000e-03
3.51000000e-03
3.96000000e-03
3.08000000e-02
3.85000000e-03
9.49000000e-03
8.08000000e-03
3.54000000e-03
2.10000000e-03
3.21600000e-02
1.04300000e-02
2.38000000e-03
2.63000000e-03
8.26000000e-03
1.25100000e-02
4.68000000e-03
9.67000000e-03
1.37000000e-02
3.86000000e-03
1.85000000e-03
4.03000000e-03
9.07600000e-02
5.00700000e-02
4.52000000e-03
3.77000000e-03
2.14000000e-03
2.03000000e-03
8.15000000e-03
6.19000000e-03
1.62050000e-01
6.77000000e-03
4.95000000e-03
4.91000000e-03
6.82000000e-03
9.83000000e-03
2.50000000e-03
7.39000000e-03
5.82000000e-03
2.48000000e-03
4.55000000e-03
7.79000000e-03
2.89000000e-03
3.34000000e-03
5.80000000e-03
3.53000000e-03
9.75000000e-03
4.46000000e-03
9.69000000e-03
4.66000000e-03
6.96000000e-03
3.48000000e-03
1.58400000e-01
2.07000000e-03
6.64000000e-03
2.17000000e-03
1.14200000e-02
3.41000000e-03
6.01000000e-03
1.09800000e-02
1.14400000e-02
2.83000000e-03
7.89000000e-03
4.66000000e-03
6.06000000e-03
1.67800000e-02
4.52000000e-03
8.80000000e-03
1.94300000e-02
1.00900000e-02
4.01400000e-02
5.20200000e-02
3.37000000e-03
1.34500000e-02
2.45000000e-03
1.06000000e-02
6.65700000e-02
4.55000000e-03
2.51000000e-03
3.42000000e-03
5.62000000e-03
3.60200000e-02
1.10500000e-02
3.49000000e-03
2.41000000e-03
6.36000000e-03
1.17060000e-01
5.80000000e-03
6.21200000e-02
3.07000000e-03
5.33000000e-03
6.10000000e-03
6.26000000e-03
1.88100000e-02
1.06440000e-01
1.36300000e-02
4.69000000e-03
4.82900000e-02
3.98000000e-03
1.46400000e-02
3.96000000e-03
5.69000000e-03
4.08900000e-02
1.62100000e-02
2.49000000e-03
2.84000000e-03
5.40000000e-03
1.63000000e-03
8.69000000e-03
8.78000000e-03
3.57000000e-03
8.00000000e-03
1.22100000e-02
3.62000000e-03
5.11000000e-03
2.46600000e-02
6.45000000e-03
7.78000000e-03
5.07000000e-03
5.43000000e-03
5.16000000e-03
3.39000000e-03
3.16000000e-03
4.21000000e-03
3.38000000e-03
1.20500000e-02
2.51000000e-03
5.03000000e-03
2.17000000e-03
5.86100000e-02
3.82000000e-03
4.31000000e-03
4.15400000e-02
1.26590000e-01
9.88600000e-02
7.57200000e-02
1.53350000e-01
3.92330000e-01
4.02000000e-03
3.81000000e-03
3.29000000e-03
5.04000000e-03
3.80000000e-03
4.38000000e-03
4.11000000e-03
4.20000000e-03
3.35000000e-03
4.46200000e-02
2.56000000e-03
3.53000000e-03
9.07000000e-03
2.01000000e-02
5.00000000e-03
4.34000000e-03
3.04000000e-03
5.41000000e-03
1.07840000e-01
3.31000000e-03
6.10000000e-03
4.96300000e-02
6.19000000e-03
3.48000000e-03
2.15460000e-01
2.78000000e-03
3.02000000e-03
4.32000000e-03
5.84000000e-03
5.22000000e-03
5.09000000e-03
7.16000000e-03
4.40000000e-03
6.90200000e-02
6.87000000e-03
2.62000000e-03
6.19000000e-03
2.80000000e-03
8.18000000e-03
3.39000000e-03
1.10040000e-01
7.13500000e-02
2.16000000e-03
2.15000000e-03
1.05400000e-02
3.46000000e-03
1.17640000e-01
4.43000000e-03
2.93000000e-03
8.83000000e-03
6.05000000e-03
3.07000000e-03
6.58000000e-03
7.62000000e-03
2.86000000e-03
2.91000000e-03
1.40000000e-02
6.97000000e-03
5.04000000e-03
4.03000000e-03
2.21000000e-03
1.61500000e-02
8.86000000e-03
2.81700000e-02
3.58000000e-03
1.04300000e-02
4.48500000e-02
7.28000000e-03
4.86000000e-03
4.59000000e-03
2.46000000e-03
7.37500000e-02
2.03000000e-03
6.57000000e-03
8.62000000e-03
2.91000000e-03
5.75000000e-03
5.66000000e-03
3.48000000e-03
6.94000000e-03
1.85800000e-02
4.34000000e-03
6.61000000e-03
5.96000000e-03
3.68000000e-03
3.03000000e-03
8.00000000e-03
4.28000000e-03
3.36000000e-03
2.35030000e-01
2.77840000e-01
2.33000000e-03
6.14700000e-02
4.04000000e-03
4.84000000e-03
9.24000000e-03
1.29300000e-02
2.62000000e-03
6.18000000e-03
1.91300000e-02
5.64000000e-03
7.56000000e-03
4.36000000e-03
6.09000000e-03
6.22000000e-03
5.41000000e-03
3.29000000e-03
3.07000000e-03
2.58000000e-02
2.37000000e-03
7.99000000e-03
8.54000000e-03
1.02300000e-02
6.46000000e-03
7.39000000e-03
6.01400000e-02
6.03000000e-03
9.97000000e-03
6.71000000e-03
3.33000000e-03
3.92000000e-03
3.66000000e-03
2.66000000e-03
3.09000000e-03
3.80000000e-03
2.40700000e-02
2.13000000e-03
3.92000000e-03
5.03000000e-03
2.66000000e-03
2.91000000e-03
6.20000000e-03
6.22000000e-03
1.15300000e-02
5.58000000e-03
1.28300000e-02
1.38300000e-02
9.86600000e-02
7.75000000e-03
1.09100000e-02
9.37200000e-02
3.78720000e-01
1.20500000e-02
2.27000000e-03
4.31000000e-03
2.28000000e-02
6.01000000e-03
1.24500000e-02
9.12800000e-02
6.74000000e-03
7.46000000e-03
2.33000000e-03
9.07000000e-03
5.48000000e-03
1.84400000e-02
8.07000000e-03
1.34100000e-02
3.33300000e-02
1.57500000e-02
2.07490000e-01
2.81000000e-03
7.03000000e-03
7.48000000e-03
1.80000000e-02
1.28500000e-02
3.07000000e-03
1.72100000e-01
9.54000000e-03
7.21000000e-03
2.33000000e-03
8.31000000e-03
3.57000000e-02
7.11000000e-03
7.22000000e-03
9.02900000e-02
3.07000000e-03
3.07000000e-03
1.88200000e-02
2.36800000e-02
3.89000000e-03
3.40000000e-03
7.87000000e-03
4.04900000e-02
5.46000000e-03
4.03000000e-03
1.65100000e-02
7.63000000e-03
1.01500000e-02
1.29500000e-02
7.13400000e-02
3.36000000e-03
6.77000000e-03
8.86000000e-03
1.19600000e-02
1.07100000e-02
4.40000000e-03
1.44600000e-02
1.53100000e-02
3.09000000e-03
3.84000000e-03
3.25000000e-03
6.97000000e-03
8.93000000e-03
5.17400000e-02
7.52000000e-03
6.07000000e-03
9.28000000e-03
6.11000000e-03
5.20000000e-03
5.32000000e-03
3.29000000e-03
4.30500000e-02
2.15200000e-02
2.09400000e-02
3.47000000e-03
4.08470000e-01
2.88360000e-01
1.03600000e-02
5.27000000e-03
4.52000000e-03
1.51800000e-02
6.11000000e-03
1.70100000e-02
7.49000000e-03
5.25200000e-02
7.40000000e-03
4.48000000e-03
2.94700000e-02
5.24880000e-01
2.36000000e-03
8.93000000e-03
3.47000000e-03
9.43800000e-02
1.23700000e-02
8.43600000e-02
3.78000000e-03
2.57800000e-02
1.40730000e-01
4.92000000e-03
1.60300000e-02
3.51000000e-03
5.10400000e-02
5.51000000e-03
8.09000000e-03
1.03910000e-01
3.63000000e-03
1.43200000e-02
8.73000000e-03
7.25000000e-03
4.57000000e-03
5.72000000e-03
1.58000000e-02
4.02000000e-03
5.58600000e-02
7.17000000e-03
2.75000000e-03
1.21700000e-02
4.36800000e-02
5.20000000e-03
6.84000000e-03
5.35000000e-03
2.24000000e-03
1.03100000e-02
9.10000000e-03
2.20020000e-01
9.66000000e-03
2.03000000e-03
3.10900000e-02
5.26000000e-03
2.71000000e-03
2.70000000e-03
9.30000000e-03
1.15200000e-02
3.38000000e-03
4.67000000e-03
1.53800000e-02
7.77000000e-03
2.07900000e-02
8.44000000e-03
8.93000000e-03
5.69000000e-03
1.21400000e-02
5.80000000e-03
1.59900000e-02
8.31000000e-03
3.47000000e-02
9.51200000e-02
8.64000000e-03
6.68000000e-03
1.14600000e-02
2.24000000e-03
5.37000000e-03
9.81000000e-03
3.00200000e-02
5.14000000e-03
5.69000000e-03
2.57200000e-02
2.46000000e-03
9.81000000e-03
5.58000000e-03
5.69900000e-02
3.21200000e-02
8.68000000e-03
1.82200000e-02
2.88000000e-03
1.03510000e-01
6.52600000e-02
3.97000000e-03
2.48500000e-02
5.85000000e-03
8.16000000e-03
1.66100000e-02
2.76000000e-03
2.24000000e-03
1.65700000e-02
1.10700000e-02
6.06000000e-03
9.28000000e-03
5.22000000e-03
1.10400000e-02
1.53100000e-02
3.65000000e-03
1.24500000e-02
5.67000000e-03
6.52000000e-03
1.02100000e-02
8.00000000e-03
9.02000000e-03
4.58000000e-03
4.18000000e-03
4.50000000e-03
8.99000000e-03
2.31800000e-02
4.73000000e-03
1.21900000e-02
6.23000000e-03
2.20000000e-03
2.37000000e-03
7.60000000e-03
1.29970000e-01
5.72000000e-03
4.77000000e-03
1.32300000e-02
4.78000000e-03
1.05400000e-02
3.16000000e-03
1.13200000e-02
3.31000000e-03
4.06100000e-02
2.20700000e-02
1.39300000e-02
2.22580000e-01
5.01900000e-02
4.82400000e-02
4.32000000e-03
1.07900000e-02
4.70000000e-03
5.17000000e-03
1.48100000e-02
6.26000000e-03
4.73000000e-03
3.41400000e-02
2.82000000e-03
3.45000000e-03
7.24000000e-03
1.00100000e-02
2.04000000e-02
9.53000000e-03
1.67500000e-02
9.81000000e-03
1.02600000e-02
4.23000000e-03
5.21000000e-03
1.34800000e-02
4.31000000e-03
7.29000000e-03
1.38300000e-02
1.41100000e-02
1.62300000e-02
6.40000000e-03
1.33100000e-02
6.44000000e-03
5.50000000e-03
2.71000000e-03
4.47000000e-03
3.17500000e-02
8.60000000e-03
1.31000000e-02
4.50000000e-03
2.85000000e-03
7.54000000e-03
9.54000000e-03
1.15200000e-02
5.94200000e-02
1.14900000e-02
3.20000000e-03
5.63000000e-03
5.85000000e-03
5.17000000e-03
5.65000000e-03
9.33000000e-03
4.75000000e-03
2.86000000e-03
5.27000000e-03
6.11000000e-03
6.45000000e-03
1.13700000e-02
1.18900000e-02
4.64000000e-03
1.91600000e-02
3.55700000e-02
3.86600000e-02
5.23000000e-03
4.91000000e-03
3.93100000e-02
1.54000000e-02
3.80000000e-03
1.76260000e-01
8.70000000e-03
1.94500000e-02
7.25000000e-03
7.87000000e-03
5.93000000e-03
6.15000000e-03
5.50000000e-03
3.06000000e-03
8.55000000e-03
2.19000000e-03
6.39000000e-03
7.22000000e-03
1.29600000e-02
2.45000000e-02
7.81000000e-03
3.49300000e-02
1.10800000e-02
1.44900000e-02
6.16000000e-03
2.72000000e-03
8.62000000e-03
1.56600000e-02
7.80700000e-02
4.53000000e-02
1.67300000e-02
8.96000000e-03
1.36200000e-02
5.26000000e-03
1.83900000e-02
9.08300000e-02
6.67000000e-03
5.49000000e-03
4.20000000e-03
4.93000000e-03
4.59000000e-03
2.45200000e-02
2.55400000e-02
5.90000000e-03
8.89000000e-03
2.19000000e-03
4.08000000e-03
2.81600000e-02
2.58000000e-03
1.41300000e-02
1.04200000e-02
2.07400000e-02
9.49000000e-03
1.13600000e-02
7.88000000e-03
1.26700000e-02
1.40500000e-02
9.46000000e-03
3.69000000e-03
2.81500000e-02
8.86000000e-03
1.22300000e-02
9.93000000e-03
3.10100000e-02
4.81000000e-03
4.58000000e-03
1.32400000e-02
1.90200000e-02
2.07000000e-03
4.65400000e-02
2.11400000e-02
4.54600000e-02
4.53200000e-02
4.33000000e-03
1.14800000e-02
2.96000000e-03
6.08000000e-03
1.51300000e-02
8.82000000e-03
2.32000000e-03
7.31000000e-03
9.54000000e-03
1.12600000e-02
1.16320000e-01
1.26900000e-02
1.07200000e-02
1.33500000e-02
9.25000000e-03
6.69000000e-03
5.53400000e-02
7.35000000e-03
4.20000000e-03
8.29300000e-02
6.37000000e-03
6.59000000e-03
1.55500000e-02
3.18000000e-03
8.77000000e-03
6.72700000e-02
3.44000000e-03
2.26000000e-03
9.98000000e-03
3.96000000e-03
4.25000000e-03
6.95000000e-02
7.51000000e-03
1.46600000e-02
7.84000000e-03
5.20000000e-03
5.40600000e-02
7.84000000e-03
5.65000000e-03
2.21100000e-02
4.15300000e-02
1.49300000e-02
1.83700000e-02
8.00000000e-03
4.92000000e-03
5.00000000e-03
4.76000000e-03
8.11000000e-03
1.48500000e-02
5.92800000e-02
2.13500000e-02
3.50100000e-02
1.89200000e-02
1.02500000e-02
2.17200000e-02
8.49000000e-03
1.98600000e-02
7.05000000e-03
1.53100000e-02
4.92000000e-03
9.19000000e-03
5.38000000e-03
1.04300000e-02
1.20800000e-02
4.82000000e-03
1.09900000e-02
7.35000000e-03
1.39300000e-02
5.03000000e-03
1.39700000e-02
2.35700000e-02
2.59000000e-03
2.77000000e-03
5.40000000e-03
1.32500000e-02
1.79700000e-02
8.08000000e-03
1.17700000e-02
1.40500000e-02
1.23500000e-02
2.30000000e-03
2.86000000e-02
6.13000000e-03
1.98800000e-02
6.09000000e-03
3.85000000e-03
8.67000000e-03
8.56000000e-03
3.72000000e-03
2.47900000e-02
1.76040000e-01
1.29200000e-02
1.43300000e-02
3.90000000e-03
1.58000000e-02
5.75000000e-03
1.99200000e-02
6.70000000e-03
2.07500000e-02
3.68300000e-02
1.44400000e-02
2.83400000e-02
5.04000000e-03
7.21000000e-03
9.94000000e-03
1.04400000e-02
7.43000000e-03
2.84280000e-01
1.11800000e-02
1.47700000e-02
1.75600000e-02
5.57000000e-03
8.47000000e-03
6.23000000e-03
4.90000000e-03
2.35300000e-02
1.31200000e-02
9.20000000e-03
5.22000000e-03
2.61000000e-03
5.93000000e-03
1.91800000e-02
4.87000000e-03
2.20310000e-01
4.34000000e-03
9.53000000e-03
1.91700000e-02
2.66000000e-03
2.98000000e-03
1.45100000e-02
8.49000000e-03
3.33000000e-03
9.02000000e-03
2.76000000e-03
6.72000000e-03
5.63000000e-03
2.27000000e-03
4.20000000e-03
1.51100000e-02
3.80000000e-03
9.20000000e-03
3.27900000e-02
5.29000000e-03
7.83000000e-03
2.95000000e-03
9.25000000e-03
4.67000000e-03
4.75000000e-03
6.86000000e-03
4.85700000e-02
4.55000000e-03
2.21000000e-03
2.47000000e-03
1.10300000e-02
4.03000000e-03
4.56000000e-03
8.43000000e-03
3.24000000e-03
1.05600000e-02
1.23400000e-02
5.13000000e-03
3.30000000e-03
3.65000000e-03
6.96000000e-03
8.81000000e-03
4.24000000e-03
9.07000000e-03
2.27200000e-02
1.41400000e-02
4.61000000e-03
1.85220000e-01
6.36000000e-03
1.02700000e-02
6.43200000e-02
8.08000000e-03
9.43000000e-03
5.32800000e-02
9.46000000e-03
1.64500000e-02
4.44000000e-03
7.36000000e-03
7.90000000e-03
1.68000000e-02
1.72600000e-02
1.65200000e-02
8.38000000e-03
5.12000000e-03
1.01500000e-02
9.30000000e-03
4.46000000e-03
4.40000000e-03
5.09000000e-03
1.75300000e-02
6.89000000e-03
4.07000000e-03
2.20500000e-02
7.28000000e-03
3.69000000e-03
8.93000000e-03
1.18800000e-02
8.33000000e-03
3.69000000e-03
1.59000000e-02
3.31000000e-03
5.23000000e-03
5.87000000e-03
1.32600000e-02
9.35000000e-03
5.10000000e-03
5.09000000e-03
4.76000000e-03
3.10000000e-03
2.44000000e-03
7.23000000e-03
4.36000000e-03
1.66000000e-02
5.97000000e-03
6.77000000e-03
7.29000000e-03
1.22400000e-02
1.18900000e-02
8.35000000e-03
8.58200000e-02
2.19000000e-03
1.67390000e-01
9.05000000e-03
1.49700000e-02
6.21000000e-03
1.04700000e-02
3.35000000e-03
1.60680000e-01
5.94000000e-03
2.72000000e-03
7.38000000e-03
4.37000000e-03
4.29000000e-03
1.05600000e-02
2.27000000e-03
2.02100000e-02
9.16000000e-03
6.85100000e-02
3.47000000e-03
4.65000000e-03
5.66000000e-03
9.88000000e-03
3.81000000e-03
9.75000000e-03
2.55100000e-02
4.41000000e-03
3.32000000e-03
8.11000000e-03
1.75200000e-02
4.52000000e-03
3.71000000e-03
8.88000000e-03
4.29000000e-03
5.84000000e-03
5.37000000e-03
4.82000000e-03
5.93000000e-03
1.21900000e-02
3.75000000e-03
6.17000000e-03
9.25000000e-03
3.53000000e-03
1.58000000e-02
1.17500000e-02
2.81000000e-03
1.84000000e-02
4.87500000e-02
6.27000000e-03
7.72000000e-03
1.32300000e-02
2.80000000e-03
2.78000000e-03
1.49200000e-02
3.48000000e-03
1.19800000e-02
6.84000000e-03
1.31500000e-02
2.44000000e-03
3.63000000e-03
1.15500000e-02
2.19600000e-02
9.48700000e-02
4.05000000e-03
2.88000000e-03
8.10000000e-03
4.06000000e-03
7.79000000e-03
3.25000000e-03
8.90000000e-03
8.84000000e-03
1.18110000e-01
3.30000000e-03
3.68200000e-02
1.43100000e-02
2.38600000e-02
2.51000000e-03
6.38000000e-03
3.07000000e-03
4.68000000e-03
8.60000000e-03
1.94600000e-02
3.24000000e-03
4.06000000e-03
5.88000000e-03
5.25000000e-03
2.01800000e-02
8.65000000e-03
7.39000000e-03
6.38000000e-03
7.32000000e-03
6.45000000e-03
6.55100000e-02
3.14670000e-01
6.70000000e-03
1.47000000e-02
3.54000000e-03
7.33000000e-03
2.66000000e-03
6.65000000e-03
4.74000000e-03
4.79000000e-03
2.22950000e-01
3.04130000e-01
3.13000000e-03
4.79000000e-03
3.82600000e-02
6.76000000e-03
3.61000000e-03
2.66000000e-03
4.60000000e-03
1.99600000e-02
3.21000000e-03
9.83000000e-03
3.22000000e-03
1.14700000e-02
5.13300000e-02
2.94000000e-03
3.13000000e-03
2.46400000e-02
3.00000000e-03
5.82000000e-03
6.31000000e-03
1.09300000e-02
7.10000000e-03
1.71400000e-02
1.90500000e-02
2.91000000e-03
1.10500000e-02
7.11000000e-03
1.50800000e-02
1.34000000e-01
2.76000000e-03
2.06210000e-01
5.91700000e-02
8.98000000e-03
3.61000000e-03
2.90860000e-01
1.06500000e-02
4.84000000e-03
5.38000000e-03
2.15000000e-03
9.45000000e-03
3.78200000e-02
3.29000000e-03
3.90900000e-02
7.79000000e-03
1.10700000e-02
8.16000000e-03
3.55000000e-03
2.58000000e-03
1.57800000e-02
5.37000000e-03
5.22000000e-03
1.35000000e-02
7.00000000e-03
1.46800000e-02
5.88000000e-03
9.52000000e-03
2.58000000e-03
4.14000000e-03
6.26000000e-03
5.76000000e-03
3.28000000e-03
1.21500000e-02
4.53000000e-03
6.64000000e-03
3.20000000e-03
2.36000000e-03
5.38000000e-03
5.27000000e-03
3.83000000e-03
9.44000000e-03
3.60000000e-03
3.79000000e-03
6.56000000e-03
9.24000000e-03
3.82000000e-03
1.98200000e-02
4.78000000e-03
3.17000000e-03
3.39000000e-03
4.54000000e-03
6.03000000e-03
3.42000000e-03
6.56000000e-03
5.26000000e-03
5.49000000e-03
1.14600000e-02
3.33000000e-03
5.75000000e-03
3.08000000e-03
6.35000000e-03
5.56000000e-03
1.06200000e-02
8.83000000e-03
5.41000000e-03
6.15000000e-03
7.83000000e-03
3.78000000e-03
8.06200000e-02
5.75000000e-03
6.68000000e-03
1.42500000e-02
1.28000000e-02
4.13000000e-03
9.47000000e-03
5.49000000e-03
1.74900000e-02
3.75000000e-03
1.46800000e-02
1.00100000e-02
8.55000000e-03
3.77000000e-03
9.08000000e-03
9.12000000e-03
6.35000000e-03
9.40000000e-03
5.37000000e-03
4.56000000e-03
3.95000000e-03
5.09000000e-03
2.64000000e-03
6.98000000e-02
1.89000000e-02
5.01000000e-03
4.53000000e-03
4.10000000e-03
4.85000000e-03
8.83000000e-03
4.49000000e-03
1.81500000e-02
5.89000000e-03
9.63000000e-03
5.59000000e-03
8.32000000e-03
3.98000000e-03
4.60000000e-03
5.02000000e-03
3.46000000e-03
4.61400000e-02
2.03800000e-02
7.88000000e-03
7.20000000e-03
3.91000000e-03
1.09500000e-02
6.32000000e-03
5.54000000e-03
3.82100000e-02
6.31000000e-03
6.85000000e-03
1.85100000e-02
2.35000000e-03
5.82000000e-03
6.64000000e-03
1.03500000e-02
2.98000000e-03
7.43000000e-03
5.70600000e-02
6.53000000e-03
1.26400000e-02
4.44000000e-03
6.20700000e-02
6.05000000e-03
7.95000000e-03
2.05000000e-03
5.44000000e-03
5.49000000e-03
5.69000000e-03
8.09000000e-03
2.97000000e-03
1.01800000e-02
7.94000000e-03
3.07000000e-03
6.84000000e-03
5.30000000e-03
4.83000000e-03
5.36000000e-03
2.36000000e-02
5.03000000e-03
4.67100000e-02
5.20000000e-03
3.19000000e-03
8.10000000e-03
5.78000000e-03
5.30000000e-03
1.39200000e-02
1.23200000e-02
5.90000000e-03
8.57000000e-03
8.73000000e-03
2.71000000e-03
6.41000000e-03
1.03900000e-02
5.08000000e-03
3.92000000e-03
4.10000000e-03
3.99000000e-03
1.21800000e-02
2.59300000e-02
1.14100000e-02
3.82000000e-03
2.08900000e-02
6.51000000e-03
5.19000000e-03
1.17300000e-02
4.78000000e-03
5.20000000e-03
3.93000000e-03
7.36000000e-03
4.14500000e-02
4.40000000e-03
3.34100000e-02
1.05500000e-02
1.08100000e-02
3.06000000e-03
8.09000000e-03
1.05800000e-02
9.62000000e-03
7.53000000e-03
4.43000000e-03
2.16400000e-02
1.78900000e-02
4.48000000e-03
2.36000000e-03
6.42000000e-03
3.17500000e-02
5.33000000e-03
8.52000000e-03
6.89000000e-03
2.80000000e-03
5.05000000e-03
5.49000000e-03
6.62000000e-03
7.70000000e-03
3.88000000e-03
7.33000000e-03
7.35000000e-03
1.00570000e-01
1.43510000e-01
7.00000000e-03
4.55000000e-03
4.46000000e-03
1.30800000e-02
1.78200000e-02
7.35000000e-03
5.72000000e-03
4.58000000e-03
3.62100000e-02
5.15000000e-03
8.70000000e-03
3.55000000e-03
4.30000000e-03
5.24000000e-03
2.92000000e-03
4.13000000e-03
6.48000000e-03
2.96000000e-03
3.49000000e-03
5.11000000e-03
6.78000000e-03
6.30000000e-03
7.10000000e-03
8.14000000e-03
5.67000000e-03
6.54000000e-03
3.84000000e-03
6.22000000e-03
7.53000000e-03
2.80000000e-03
4.00000000e-03
2.43000000e-03
6.92000000e-03
5.51000000e-03
7.23000000e-03
3.84000000e-03
3.80000000e-03
1.21200000e-02
1.13800000e-02
3.35000000e-03
1.23300000e-02
5.48000000e-03
5.91000000e-03
3.51000000e-03
1.02200000e-02
3.83000000e-03
2.83000000e-03
1.98690000e-01
2.51700000e-02
1.51800000e-02
3.27000000e-03
7.61000000e-03
6.68100000e-02
4.21000000e-03
2.27000000e-03
4.01000000e-03
2.57000000e-03
5.17000000e-03
6.70000000e-03
1.32100000e-02
3.54000000e-03
6.66000000e-03
9.74000000e-03
5.79000000e-03
5.75000000e-03
4.38000000e-03
3.96000000e-03
1.34900000e-02
4.73000000e-03
1.56100000e-02
6.22000000e-03
4.85000000e-03
4.39000000e-03
4.62000000e-03
7.84000000e-03
5.95000000e-03
5.66000000e-03
4.37000000e-03
8.52000000e-03
5.32000000e-03
7.08000000e-03
1.78200000e-02
8.24000000e-03
4.95000000e-03
4.56000000e-03
5.34000000e-03
3.81000000e-03
4.46000000e-03
9.27000000e-03
4.45000000e-03
1.77700000e-02
6.45000000e-03
6.03250000e-01
3.78000000e-03
4.36000000e-03
6.11000000e-03
2.59000000e-03
1.18500000e-02
8.16000000e-03
3.93000000e-03
9.55000000e-03
1.46700000e-02
1.26000000e-02
5.39000000e-03
1.78200000e-02
3.46000000e-03
4.60000000e-03
4.79000000e-03
5.17000000e-03
6.08000000e-03
8.55000000e-03
4.70820000e-01
6.34000000e-03
7.37000000e-03
7.30000000e-03
5.53000000e-03
2.21000000e-03
4.63000000e-03
3.33000000e-03
7.71000000e-03
1.16900000e-02
1.03930000e-01
7.85000000e-03
8.16000000e-03
9.94000000e-03
4.80000000e-03
6.20000000e-03
2.93000000e-03
4.00000000e-03
3.01000000e-03
8.12000000e-03
1.21500000e-02
2.12100000e-02
5.25000000e-03
9.83000000e-03
1.87800000e-02
8.42000000e-03
1.82800000e-02
2.61000000e-03
8.73000000e-03
8.27000000e-03
4.97000000e-03
9.00000000e-03
1.19700000e-02
7.30000000e-03
8.81000000e-03
1.62800000e-02
1.77300000e-02
5.71000000e-03
2.87000000e-03
3.94000000e-03
3.79000000e-03
4.59000000e-03
6.84000000e-03
6.89000000e-03
1.30200000e-02
3.69000000e-03
1.93000000e-03
2.66900000e-02
5.61000000e-03
1.08600000e-02
8.41000000e-03
8.25000000e-03
1.59100000e-02
1.91200000e-02
6.63000000e-03
4.26000000e-03
1.83600000e-02
1.90100000e-02
3.19000000e-03
4.66000000e-03
4.17000000e-03
2.98000000e-03
5.22000000e-03
7.97000000e-03
6.63000000e-03
7.14000000e-03
6.17000000e-03
4.43000000e-03
2.26400000e-02
1.92500000e-02
2.10000000e-03
4.13000000e-03
3.81000000e-03
5.56000000e-03
4.08400000e-02
1.68800000e-02
8.14000000e-03
8.52000000e-03
1.25700000e-02
9.69000000e-03
1.66290000e-01
4.01000000e-03
4.73000000e-03
5.26000000e-03
9.84000000e-03
2.81100000e-02
1.32900000e-02
6.34000000e-03
1.66900000e-02
2.86700000e-02
6.06000000e-03
5.42000000e-03
1.24700000e-02
1.80900000e-02
4.72000000e-03
2.39000000e-03
5.89000000e-03
6.75800000e-02
9.44000000e-03
2.97000000e-03
1.56000000e-02
2.59300000e-01
1.73800000e-02
5.25000000e-03
9.19000000e-03
4.26000000e-03
6.71000000e-03
9.66000000e-03
1.10700000e-02
7.82000000e-03
1.69300000e-02
1.13900000e-02
3.47000000e-03
3.37000000e-03
8.06000000e-03
3.48000000e-03
8.70000000e-03
4.16000000e-03
1.31500000e-02
4.38000000e-03
9.27000000e-03
8.60000000e-03
5.68000000e-03
3.54000000e-03
6.90000000e-03
3.76000000e-03
6.46000000e-03
5.11000000e-03
8.71000000e-03
8.91000000e-03
2.86000000e-03
3.05000000e-03
1.56300000e-02
1.12600000e-02
9.91000000e-03
6.72000000e-03
5.12000000e-03
6.57000000e-03
5.27000000e-03
1.85000000e-03
2.19000000e-03
1.93700000e-02
2.33400000e-02
2.97000000e-03
1.36000000e-02
1.21500000e-02
3.45000000e-03
1.24600000e-02
1.12200000e-02
1.46900000e-02
1.37100000e-02
5.63000000e-03
4.98000000e-03
1.33200000e-02
8.21000000e-03
1.23100000e-02
4.21000000e-03
8.75000000e-03
6.54000000e-03
8.81000000e-03
2.96700000e-02
5.35000000e-03
1.08300000e-02
6.89000000e-03
9.04000000e-03
5.49000000e-03
1.72700000e-02
3.00000000e-03
1.54800000e-02
6.19000000e-03
7.63000000e-03
1.36000000e-02
4.60000000e-03
4.79000000e-03
6.80000000e-03
3.93000000e-03
9.95000000e-03
2.54600000e-02
1.63700000e-02
9.21000000e-03
1.13300000e-02
8.41000000e-03
9.12000000e-03
9.10000000e-03
8.68000000e-03
1.22500000e-02
9.32000000e-03
5.73000000e-03
4.91000000e-03
1.05900000e-02
5.25000000e-03
5.19000000e-03
1.26700000e-02
3.20000000e-03
4.44000000e-03
1.47900000e-02
6.00000000e-03
1.27600000e-02
1.08800000e-02
8.34000000e-03
8.44000000e-03
6.74000000e-03
5.20000000e-03
7.71000000e-03
1.87300000e-02
1.19470000e-01
6.66000000e-03
6.28000000e-03
9.28000000e-03
6.41000000e-03
5.67000000e-03
2.59100000e-02
4.51000000e-03
8.76000000e-03
2.38000000e-03
5.34000000e-03
5.88000000e-03
7.32000000e-03
5.65000000e-03
9.48000000e-03
8.42300000e-02
1.06200000e-02
1.37000000e-02
4.06000000e-03
2.14100000e-02
8.68000000e-03
2.05700000e-02
1.13300000e-02
7.09000000e-03
1.22800000e-02
2.09000000e-02
8.18000000e-03
2.27900000e-02
1.92200000e-02
1.80900000e-02
3.88000000e-03
2.72000000e-03
4.66000000e-03
2.54700000e-02
5.98000000e-03
1.17200000e-02
7.43000000e-03
4.99000000e-03
4.80000000e-03
1.47400000e-02
3.55000000e-03
1.10800000e-02
2.95000000e-03
7.82000000e-03
9.05000000e-03
1.40400000e-02
1.44800000e-02
1.66000000e-02
2.57800000e-02
5.25000000e-03
9.91000000e-03
7.84000000e-03
1.05300000e-02
7.22000000e-03
6.97000000e-03
1.09200000e-02
3.60000000e-03
9.46000000e-03
8.50000000e-03
1.86000000e-02
1.28000000e-02
1.28000000e-02
1.66000000e-02
4.32000000e-03
5.96000000e-03
7.95000000e-03
1.87600000e-02
7.47000000e-03
2.67000000e-03
2.00700000e-02
1.53900000e-02
3.51000000e-03
1.28800000e-02
2.75500000e-02
1.32900000e-02
3.91000000e-03
4.86000000e-03
3.71000000e-03
4.44000000e-03
7.40000000e-03
3.49000000e-03
3.22000000e-02
3.91000000e-03
2.49300000e-02
6.39000000e-03
1.23600000e-02
1.08300000e-02
6.69000000e-03
8.98000000e-03
4.49000000e-03
1.04300000e-02
4.84000000e-03
2.48400000e-02
6.46000000e-03
4.79000000e-03
1.07100000e-02
5.95000000e-03
3.53000000e-03
3.31200000e-02
1.08400000e-02
3.54000000e-03
1.17200000e-02
6.02000000e-03
4.88000000e-03
1.07000000e-02
1.34800000e-02
4.25000000e-03
9.86000000e-03
2.80000000e-03
5.89000000e-03
4.52000000e-03
1.74000000e-02
9.21000000e-03
8.05000000e-03
7.60000000e-03
1.41200000e-02
1.32400000e-02
4.96000000e-03
6.43000000e-03
7.71000000e-03
6.48000000e-03
1.46600000e-02
8.44000000e-03
3.50000000e-03
1.73500000e-02
7.29000000e-03
8.71000000e-03
1.45800000e-02
2.05800000e-02
8.64000000e-03
8.58000000e-03
3.50000000e-03
6.23000000e-03
3.51000000e-03
8.63000000e-03
7.81000000e-03
5.12000000e-03
1.05200000e-02
9.00000000e-03
9.32000000e-03
7.80000000e-03
7.85000000e-03
4.97000000e-03
2.90750000e-01
6.50000000e-03
5.96000000e-03
8.82000000e-03
2.06000000e-02
5.68000000e-03
4.92000000e-03
1.07200000e-02
6.93000000e-03
5.15000000e-03
1.08510000e-01
1.24100000e-02
9.64000000e-03
8.88000000e-03
1.01000000e-02
2.64000000e-03
1.34700000e-02
6.45000000e-03
3.15000000e-03
5.38000000e-03
6.66000000e-03
9.87000000e-03
6.37000000e-03
1.86600000e-02
7.04000000e-03
3.00000000e-03
2.84000000e-03
1.76400000e-02
1.23300000e-02
3.37400000e-02
6.42000000e-03
1.19700000e-02
6.31000000e-02
5.06000000e-03
1.44730000e-01
3.48200000e-02
4.86000000e-03
4.97000000e-03
3.57600000e-01
2.40000000e-03
9.32000000e-03
3.53000000e-03
1.02500000e-02
1.21000000e-02
7.71000000e-03
7.06000000e-03
3.90000000e-03
4.54000000e-03
1.57100000e-02
1.29000000e-02
8.75000000e-03
4.82000000e-03
7.66200000e-02
1.02700000e-02
1.67300000e-02
8.44000000e-03
8.69000000e-03
1.47600000e-02
9.16200000e-02
4.16000000e-03
5.55000000e-03
1.90500000e-02
1.01600000e-02
4.96000000e-03
1.69600000e-02
2.42000000e-03
9.60000000e-03
9.38000000e-03
5.52000000e-03
7.62000000e-03
1.05900000e-02
1.78500000e-02
2.10560000e-01
1.25900000e-02
2.11100000e-02
4.27900000e-02
1.03000000e-02
1.45500000e-02
9.09000000e-03
3.24000000e-03
1.16500000e-02
2.09000000e-02
8.43000000e-03
1.30200000e-02
1.55700000e-02
7.06000000e-03
1.05700000e-02
4.66000000e-03
4.21000000e-03
8.55000000e-03
7.09000000e-03
1.31800000e-02
4.24000000e-03
4.13200000e-02
7.76000000e-03
1.10800000e-02
8.14000000e-03
2.52500000e-02
5.90000000e-03
7.63000000e-03
6.12000000e-03
9.05000000e-03
1.47800000e-02
1.95850000e-01
7.21000000e-03
1.75900000e-02
7.70000000e-03
5.32000000e-02
6.68000000e-03
3.56000000e-03
6.29000000e-03
1.71900000e-02
2.16900000e-02
1.24500000e-02
4.29000000e-03
4.87000000e-03
4.16000000e-03
6.19000000e-03
9.84000000e-03
8.76000000e-03
9.12000000e-03
1.64360000e-01
3.53000000e-03
4.45000000e-03
4.21000000e-03
2.12800000e-02
8.87000000e-03
2.94300000e-02
9.44000000e-03
3.12000000e-03
8.50000000e-03
9.30000000e-03
2.56000000e-02
8.55000000e-03
2.56100000e-02
5.68000000e-03
5.35000000e-03
3.92000000e-03
7.34000000e-03
6.35000000e-03
4.03000000e-03
3.54000000e-03
4.22000000e-03
1.42400000e-02
9.87000000e-03
8.11000000e-03
1.60400000e-02
2.92000000e-03
3.86500000e-02
6.29000000e-03
2.06100000e-02
7.52000000e-03
1.94800000e-02
1.72100000e-02
1.72300000e-02
1.03700000e-02
1.61200000e-02
1.65300000e-02
1.46600000e-02
5.93000000e-03
9.32000000e-03
1.45300000e-02
7.35000000e-03
5.22900000e-02
3.86000000e-03
1.83400000e-02
8.36000000e-03
1.57500000e-02
1.12300000e-02
1.27200000e-02
7.35000000e-03
8.48000000e-03
2.22000000e-03
5.77000000e-03
1.89860000e-01
1.06200000e-02
1.18590000e-01
8.47000000e-03
1.45200000e-02
5.62000000e-03
3.54000000e-03
1.15900000e-02
7.10000000e-03
8.82000000e-03
1.03200000e-02
6.10000000e-03
6.05000000e-03
1.28700000e-02
1.01300000e-02
7.22000000e-03
8.57000000e-03
4.00000000e-03
1.73000000e-02
4.39000000e-03
1.21000000e-02
3.55000000e-03
3.37000000e-03
2.79000000e-03
4.52000000e-03
5.47000000e-03
1.44700000e-02
8.17000000e-03
3.84000000e-03
1.20800000e-02
1.51600000e-02
8.72000000e-03
4.32000000e-03
4.46000000e-03
2.47000000e-02
6.00000000e-03
1.04100000e-02
7.09000000e-03
5.50000000e-03
3.03360000e-01
1.69300000e-02
5.46000000e-03
1.21600000e-02
1.91900000e-02
5.02000000e-03
2.42490000e-01
3.47000000e-03
1.95300000e-02
8.77000000e-03
3.34400000e-02
4.83000000e-03
3.67700000e-02
7.86000000e-03
5.54000000e-03
1.30680000e-01
3.59000000e-03
6.44000000e-03
9.21000000e-03
8.49000000e-03
4.08000000e-03
6.11000000e-03
1.54200000e-02
2.02400000e-02
2.12600000e-02
1.22400000e-02
1.62600000e-02
5.21000000e-03
4.56000000e-03
2.28600000e-02
1.10200000e-02
6.03000000e-03
2.45840000e-01
1.60800000e-02
1.10500000e-02
1.19860000e-01
2.10800000e-02
1.85720000e-01
1.18000000e-02
4.28000000e-03
1.86870000e-01
7.43500000e-02
4.33000000e-03
3.99000000e-03
5.82900000e-02
2.55450000e-01
1.47300000e-02
1.07100000e-02
4.80700000e-02
5.48000000e-03
5.46000000e-03
3.83900000e-02
1.67000000e-02
1.26100000e-02
1.85300000e-02
5.69000000e-03
6.19000000e-03
4.82200000e-01
1.00590000e-01
7.83000000e-03
7.90000000e-03
4.66000000e-03
2.14700000e-02
1.75400000e-02
1.31800000e-02
1.28200000e-02
8.47000000e-03
6.73000000e-03
7.11000000e-03
9.03000000e-03
5.00000000e-03
8.90000000e-03
8.17000000e-03
5.54000000e-03
6.98000000e-03
6.92000000e-03
1.10100000e-02
7.29200000e-02
9.60000000e-03
3.06000000e-03
6.75000000e-03
1.10000000e-02
3.33000000e-03
3.99000000e-03
2.18600000e-02
1.28000000e-02
4.53000000e-03
3.49000000e-03
1.61600000e-02
1.44900000e-02
4.27000000e-03
3.97800000e-02
5.64000000e-03
2.96000000e-03
5.38000000e-03
6.70000000e-03
8.70000000e-03
3.60000000e-03
7.86000000e-03
5.22000000e-03
6.98000000e-03
8.21000000e-03
9.65000000e-03
2.04800000e-02
1.27400000e-02
1.45500000e-02
1.04200000e-02
3.37400000e-02
1.29400000e-02
8.04000000e-03
1.20800000e-02
6.97000000e-03
2.21700000e-02
3.19170000e-01
3.09010000e-01
8.35000000e-03
7.87000000e-03
7.11000000e-03
1.06990000e-01
6.77000000e-03
6.25000000e-03
2.84000000e-03
2.10040000e-01
5.65000000e-03
3.77000000e-03
5.24000000e-03
4.91200000e-02
9.26000000e-03
6.63000000e-03
9.83000000e-03
7.72000000e-03
1.88900000e-02
7.99000000e-03
3.02800000e-02
1.48310000e-01
9.79000000e-03
8.93000000e-03
7.31200000e-02
7.72000000e-03
1.01300000e-02
3.19500000e-02
1.07600000e-02
1.17500000e-02
5.03000000e-03
1.12600000e-02
2.00500000e-02
3.55000000e-03
5.66000000e-03
7.97000000e-03
1.35440000e-01
8.56000000e-03
5.24000000e-03
4.04000000e-03
8.18000000e-03
3.00400000e-02
7.60000000e-03
1.94500000e-02
1.40400000e-02
6.26000000e-03
7.30000000e-03
2.40800000e-02
7.27400000e-02
8.53000000e-03
1.97100000e-02
5.13000000e-03
1.28000000e-02
4.85320000e-01
5.16000000e-03
3.91000000e-03
1.35100000e-02
9.05000000e-03
7.34000000e-03
2.71250000e-01
2.50000000e-03
7.54000000e-03
9.93000000e-03
8.83000000e-03
1.50800000e-02
6.94000000e-03
3.14000000e-03
2.48000000e-03
1.56600000e-02
4.08000000e-03
7.50000000e-03
9.04000000e-03
1.70900000e-02
6.98000000e-03
1.34500000e-02
5.71000000e-03
4.86000000e-03
1.21800000e-02
4.41000000e-03
1.24700000e-02
1.78640000e-01
3.28000000e-02
5.97000000e-03
6.19000000e-03
4.46000000e-03
4.17000000e-03
1.45600000e-02
6.65000000e-03
1.78400000e-01
4.67000000e-03
3.29500000e-02
6.23000000e-03
5.58000000e-03
6.10000000e-03
1.11100000e-02
1.65340000e-01
6.78000000e-03
4.58000000e-03
6.11700000e-02
5.58130000e-01
4.44000000e-03
4.65000000e-03
8.05300000e-02
6.44000000e-03
4.18000000e-03
5.16000000e-03
8.94000000e-03
5.05000000e-03
2.74000000e-03
1.89900000e-02
2.79700000e-02
2.09600000e-02
7.56000000e-03
7.81000000e-03
1.65700000e-02
6.12000000e-03
6.98000000e-03
4.06000000e-03
4.14000000e-03
1.04000000e-02
1.02000000e-02
5.42000000e-03
1.50300000e-02
5.07000000e-03
4.68000000e-03
1.97300000e-02
1.93250000e-01
8.83000000e-03
9.09000000e-03
5.98000000e-03
7.28000000e-03
2.56100000e-02
6.65000000e-03
1.76810000e-01
3.43000000e-03
4.67000000e-03
2.04100000e-02
3.78000000e-03
4.86000000e-03
1.30800000e-02
1.07900000e-02
9.75000000e-02
7.03000000e-03
6.33000000e-03
2.08500000e-02
1.40000000e-02
4.42000000e-03
3.87000000e-03
6.42000000e-03
4.53000000e-03
3.72000000e-03
5.92000000e-03
4.21000000e-03
8.71000000e-03
2.25000000e-03
1.31900000e-02
1.82200000e-02
3.91000000e-03
6.06000000e-03
2.05000000e-01
9.61000000e-03
1.08900000e-02
1.60700000e-02
1.71600000e-02
1.02400000e-02
7.25000000e-03
3.97000000e-03
7.00000000e-03
8.96000000e-03
9.95000000e-03
3.62000000e-03
8.70000000e-03
7.46000000e-03
3.17700000e-02
1.28100000e-02
1.64120000e-01
1.78180000e-01
6.25080000e-01
1.38860000e-01
7.78000000e-03
1.00160000e-01
2.93000000e-03
6.81000000e-03
5.85000000e-03
6.68100000e-02
6.01000000e-03
1.49800000e-02
4.77000000e-03
3.43000000e-03
3.47000000e-03
8.67000000e-03
1.47600000e-02
7.84100000e-02
7.64000000e-03
1.01300000e-02
1.16100000e-02
4.68000000e-03
3.31500000e-02
7.62000000e-03
3.30500000e-02
5.30000000e-03
9.14000000e-03
5.54000000e-03
5.62000000e-03
3.20000000e-03
2.58000000e-03
8.27000000e-03
1.32400000e-02
4.71300000e-02
4.73000000e-03
4.04000000e-03
3.66430000e-01
6.62000000e-03
9.69000000e-03
1.06500000e-02
1.33990000e-01
3.86000000e-03
1.31400000e-02
2.00260000e-01
3.60000000e-03
4.37000000e-03
4.87000000e-03
7.40000000e-03
6.28000000e-03
2.14200000e-01
1.18100000e-02
4.30000000e-03
8.50000000e-03
5.44000000e-03
1.15400000e-02
2.91400000e-02
7.63400000e-02
1.25320000e-01
7.77100000e-02
1.31700000e-02
1.11400000e-02
4.99200000e-02
3.49000000e-02
3.16000000e-03
1.32000000e-02
5.11000000e-03
3.56000000e-03
6.67000000e-03
8.41000000e-03
2.46900000e-02
5.37900000e-02
9.63000000e-03
1.24600000e-02
1.75100000e-02
5.91000000e-03
9.88000000e-03
1.03600000e-02
1.63910000e-01
5.42000000e-03
1.67600000e-02
1.35600000e-02
2.68000000e-03
6.32800000e-02
3.94000000e-03
8.42000000e-03
1.22600000e-02
6.18000000e-03
3.71000000e-03
1.12400000e-02
8.91000000e-03
2.72000000e-03
1.00700000e-02
3.26100000e-02
4.11000000e-03
6.02000000e-03
4.79000000e-03
7.00000000e-03
5.67000000e-03
1.45300000e-02
2.30000000e-02
1.05300000e-02
5.21000000e-03
6.64000000e-03
7.66000000e-03
3.62000000e-03
8.21000000e-03
5.07200000e-02
1.16700000e-02
1.26200000e-02
1.41000000e-02
1.62100000e-02
1.07400000e-02
7.00000000e-03
5.74000000e-03
4.00000000e-03
2.12700000e-02
1.31200000e-02
1.57500000e-02
4.65100000e-02
9.41000000e-03
6.10000000e-03
5.74000000e-03
2.72600000e-01
3.30600000e-02
7.18000000e-03
8.02000000e-03
8.78000000e-03
1.22300000e-02
1.55700000e-02
9.96000000e-03
8.93000000e-03
1.08100000e-02
7.85500000e-02
1.12400000e-02
5.52620000e-01
1.49000000e-02
4.57000000e-03
1.03100000e-02
9.56000000e-03
1.07900000e-02
1.36000000e-02
4.39000000e-03
1.52300000e-02
5.84000000e-03
8.66000000e-03
1.10200000e-02
2.76700000e-02
3.38700000e-02
1.22500000e-02
9.58000000e-03
1.41400000e-02
8.85000000e-03
1.21500000e-02
6.43000000e-03
1.11500000e-02
7.01000000e-03
9.33000000e-03
6.28000000e-03
1.02100000e-02
1.54900000e-02
4.98000000e-03
1.17700000e-02
5.86000000e-03
3.31000000e-03
9.86000000e-03
1.10100000e-02
1.18700000e-02
7.98000000e-03
6.62000000e-03
6.94000000e-03
1.21800000e-02
1.76400000e-02
6.91000000e-03
1.28000000e-02
1.28640000e-01
4.81000000e-03
9.81000000e-03
2.46200000e-02
2.06300000e-02
3.53900000e-02
1.47100000e-02
2.16500000e-02
5.53000000e-03
9.70000000e-03
1.00900000e-02
5.55000000e-03
5.85000000e-03
1.12700000e-02
9.45000000e-03
1.10100000e-02
1.06500000e-02
2.80000000e-03
1.42500000e-02
2.93000000e-03
4.55000000e-03
6.72000000e-03
9.12000000e-03
9.12000000e-03
4.49000000e-03
2.31300000e-02
9.34000000e-03
1.05700000e-02
8.45000000e-03
1.31900000e-02
8.51000000e-03
1.22500000e-02
5.42000000e-03
1.84100000e-02
2.17300000e-02
3.91000000e-03
2.85400000e-02
1.25900000e-02
9.61900000e-01
3.53000000e-03
1.19130000e-01
2.07100000e-02
5.40900000e-02
2.97000000e-03
9.22000000e-03
5.87000000e-03
9.89000000e-03
8.38000000e-03
2.92110000e-01
9.57000000e-03
5.28000000e-03
9.33000000e-03
1.13300000e-02
1.00600000e-02
2.87000000e-03
1.24500000e-02
1.28900000e-02
1.95940000e-01
3.15340000e-01
6.41000000e-03
1.47400000e-02
7.45000000e-03
8.21000000e-03
3.03800000e-02
1.21000000e-02
8.74000000e-03
1.12400000e-02
1.13800000e-02
8.64000000e-03
1.09910000e-01
4.31000000e-03
7.05000000e-03
4.73000000e-03
5.00000000e-03
5.69000000e-03
2.32400000e-02
1.27700000e-02
1.59700000e-02
4.66000000e-03
9.42000000e-03
3.18000000e-03
7.50000000e-03
7.05000000e-03
1.23500000e-02
4.36000000e-03
1.15800000e-02
9.67000000e-03
1.68200000e-02
9.87000000e-03
2.35600000e-02
7.47000000e-03
8.02000000e-03
7.64000000e-03
1.31580000e-01
1.06200000e-02
1.96100000e-02
2.12400000e-02
1.47000000e-02
5.89000000e-03
5.85000000e-03
1.06900000e-02
1.67200000e-02
3.77620000e-01
1.69600000e-02
6.19000000e-03
6.13000000e-03
1.86300000e-02
4.12000000e-03
3.84000000e-03
7.70000000e-03
6.03000000e-03
1.60610000e-01
1.25700000e-02
6.50000000e-03
1.32660000e-01
1.18100000e-02
1.17200000e-02
1.82700000e-02
8.06000000e-03
1.25000000e-02
9.94000000e-03
7.20000000e-03
1.54000000e-02
8.90000000e-03
1.88700000e-02
9.69800000e-02
7.57000000e-03
5.39000000e-03
5.25000000e-03
3.82300000e-02
1.61820000e-01
1.58800000e-02
5.15000000e-03
8.82000000e-03
8.02000000e-03
9.07600000e-02
4.29000000e-03
1.84400000e-02
7.62000000e-03
5.45000000e-03
9.61900000e-02
5.69000000e-03
6.03000000e-03
8.95000000e-03
6.18000000e-03
2.07760000e-01
2.27200000e-02
4.64100000e-02
4.45000000e-03
6.77000000e-03
9.18000000e-03
8.75000000e-03
1.07400000e-02
5.93000000e-03
9.69000000e-03
1.36100000e-02
9.49000000e-03
9.32000000e-03
1.85610000e-01
5.13000000e-03
3.99000000e-03
2.50500000e-02
5.64000000e-03
2.35900000e-02
6.58000000e-03
3.98000000e-03
4.34100000e-02
5.94000000e-03
3.48000000e-03
1.86190000e-01
6.92000000e-03
1.05500000e-02
1.70500000e-02
8.63000000e-03
1.65200000e-02
5.56000000e-03
5.50000000e-03
1.88600000e-02
8.12000000e-03
9.13900000e-02
7.28000000e-03
9.30000000e-03
7.14000000e-03
5.29000000e-03
1.41000000e-02
4.68000000e-03
1.66100000e-02
2.03800000e-02
2.67400000e-02
5.70000000e-03
6.44000000e-03
4.25500000e-02
5.04000000e-03
1.56300000e-02
1.10900000e-02
1.28000000e-02
1.55700000e-02
5.30000000e-03
1.36700000e-02
1.83100000e-02
1.18200000e-02
6.09000000e-03
6.63000000e-03
9.42000000e-03
6.21700000e-02
9.84300000e-02
1.36800000e-02
1.67800000e-02
6.12000000e-03
5.91000000e-03
2.94200000e-02
4.03000000e-03
2.78100000e-02
5.37200000e-02
2.06100000e-02
1.68100000e-02
6.98000000e-03
1.73200000e-02
9.50000000e-03
1.58780000e-01
1.20700000e-02
6.44000000e-03
5.93000000e-03
5.58000000e-03
8.01800000e-02
2.62600000e-02
8.74000000e-03
8.79600000e-02
8.90000000e-03
1.28100000e-02
4.08000000e-03
5.93000000e-03
4.67000000e-03
1.59500000e-02
1.02000000e-02
4.21800000e-02
7.51000000e-03
5.18000000e-03
1.26200000e-02
6.28000000e-03
6.96000000e-03
1.89200000e-02
1.22760000e-01
5.80000000e-03
7.44000000e-03
1.00600000e-02
7.11000000e-03
2.16800000e-02
1.11600000e-02
1.30600000e-02
1.42000000e-02
8.32000000e-03
7.58000000e-03
1.43600000e-02
1.23370000e-01
1.23100000e-02
1.82100000e-02
5.20000000e-03
6.08000000e-03
7.44000000e-03
4.92000000e-03
7.87000000e-03
1.90020000e-01
4.66300000e-02
9.76000000e-03
4.70000000e-03
1.09300000e-02
1.13100000e-02
7.84000000e-03
1.10160000e-01
7.97000000e-03
1.66400000e-02
1.42400000e-02
8.41000000e-03
1.26600000e-02
1.44800000e-02
8.54000000e-03
1.06800000e-02
1.02600000e-02
5.09000000e-03
1.23600000e-02
1.04540000e-01
9.00800000e-02
5.55000000e-03
2.11400000e-02
6.90000000e-03
3.31410000e-01
1.80000000e-02
1.70500000e-02
5.22300000e-02
4.09300000e-02
9.02700000e-02
1.14500000e-02
1.46300000e-02
6.09000000e-02
9.72000000e-03
6.79200000e-02
1.69800000e-02
1.93600000e-02
5.50900000e-02
1.05900000e-02
1.07800000e-02
1.50000000e-02
1.72500000e-02
3.21200000e-02
2.50000000e-02
1.16640000e-01
9.84000000e-03
5.70000000e-03
2.42600000e-02
9.29000000e-03
8.25000000e-03
1.64260000e-01
7.80000000e-03
7.42400000e-02
4.13600000e-02
1.16300000e-02
1.23100000e-02
1.13700000e-02
1.42300000e-02
8.56000000e-03
1.67890000e-01
4.17500000e-02
1.08530000e-01
2.61100000e-02
1.20700000e-02
6.35200000e-02
1.69500000e-02
7.04500000e-02
1.25300000e-02
8.26000000e-03
1.19300000e-02
8.77000000e-03
1.01300000e-02
6.06000000e-03
1.36400000e-02
9.16000000e-03
3.50500000e-02
3.72800000e-02
6.76000000e-03
1.10000000e-02
4.21200000e-02
1.19300000e-02
7.25100000e-02
1.12300000e-02
1.65800000e-02
1.74490000e-01
9.48000000e-03
4.98000000e-03
1.58500000e-02
5.50000000e-03
1.17100000e-02
2.96800000e-02
4.29000000e-03
8.12000000e-03
2.70900000e-02
4.61000000e-03
2.18600000e-02
1.56200000e-02
1.40400000e-02
9.64000000e-03
2.04740000e-01
6.73000000e-03
6.65000000e-03
1.03600000e-02
2.51380000e-01
4.97000000e-03
1.17400000e-02
8.79000000e-03
2.72900000e-02
1.44700000e-02
1.01900000e-02
5.61000000e-03
8.35000000e-03
3.62300000e-02
2.19600000e-02
1.48400000e-02
2.10100000e-02
1.26800000e-02
6.08000000e-03
6.79000000e-03
1.20000000e-02
9.83000000e-03
8.44000000e-03
1.07160000e-01
4.32100000e-02
1.48200000e-02
4.53200000e-02
3.32770000e-01
5.32000000e-03
1.39400000e-02
8.64000000e-03
4.34000000e-03
5.50000000e-03
1.09250000e-01
5.36000000e-03
4.87700000e-02
1.86300000e-02
1.46480000e-01
1.10260000e-01
2.16400000e-02
1.00500000e-02
7.31000000e-03
4.80000000e-03
1.21100000e-02
1.16900000e-02
1.04460000e-01
1.24130000e-01
9.25000000e-03
1.48700000e-02
8.37000000e-03
9.60300000e-02
1.62800000e-02
5.96000000e-03
1.81600000e-02
1.14700000e-02
1.42200000e-02
3.64560000e-01
8.57200000e-02
7.93000000e-03
1.29300000e-02
2.06900000e-02
8.31300000e-02
1.72400000e-02
8.58000000e-03
6.19000000e-03
3.80800000e-02
2.25100000e-02
2.00500000e-02
1.40400000e-02
6.86000000e-03
1.05400000e-02
6.85000000e-03
2.38100000e-02
1.50900000e-02
9.11000000e-03
7.85000000e-03
3.35100000e-02
1.57100000e-02
1.56200000e-02
3.81400000e-02
3.75500000e-02
6.67000000e-03
7.86400000e-02
7.96000000e-03
1.02600000e-02
2.32780000e-01
4.24200000e-02
2.28600000e-02
1.96100000e-02
8.24000000e-03
1.61400000e-02
1.58600000e-02
1.03800000e-02
3.19500000e-02
1.84000000e-02
5.92000000e-03
1.29000000e-02
8.28000000e-03
1.99300000e-02
8.18000000e-03
2.52200000e-02
4.68000000e-02
9.91000000e-03
6.05700000e-02
4.25110000e-01
4.76900000e-02
2.98900000e-02
1.05700000e-02
1.75500000e-02
5.68000000e-03
5.10100000e-02
2.24500000e-02
1.26220000e-01
1.44800000e-02
2.59000000e-02
6.00000000e-03
7.82000000e-03
1.36400000e-02
3.53300000e-02
5.72900000e-02
2.94700000e-02
8.55000000e-03
5.97000000e-03
1.62100000e-02
3.07900000e-02
3.67400000e-02
5.99000000e-03
8.02000000e-03
1.00600000e-02
2.41800000e-02
1.11900000e-02
6.87000000e-03
8.92000000e-03
6.95000000e-02
2.46400000e-02
2.05890000e-01
7.58000000e-03
6.17000000e-03
1.01700000e-02
3.25100000e-02
2.57900000e-02
2.88000000e-02
1.03670000e-01
1.10600000e-02
8.23000000e-03
3.87400000e-02
8.62000000e-03
3.04700000e-02
4.20000000e-02
2.59800000e-02
1.69800000e-02
