1.1881454537993426e-177 402.07690011324104 0.24818412 0.02444443 0.79017093 0.67458988 -0.03635348 1.85600409 0.01322734 -6.341647191208816 -0.24196597353496765
2.0821800541971333e-124 279.4689180551911 0.42767701 0.0200943 0.70979366 0.9392779 -0.21935462 1.57156921 0.00850755 -388.1877632498948 -13.889136863346245
1.8174012107532817e-98 219.72776317982928 0.46666405 0.02478577 0.41251231 0.66431518 -0.04499401 1.50090771 0.01706129 -270.7063166370464 -8.762601418144696
1.0718165728160159e-95 213.33979045344003 0.1374748 0.02280177 0.59116171 0.95245213 -1.91202551 -1.38229245 -0.01847449 -201.6524095442604 -18.075353635568895
1.3050990127887573e-87 194.71055516802036 0.34186846 0.02227751 0.43946387 0.82052277 -0.0544261 0.86611491 -0.01960737 -211.89565408336458 -1.4441363700754617
1.1550092963913397e-85 190.22885580346815 0.17738612 0.0241718 0.67766308 0.55994041 -0.01380943 1.18913072 0.01809953 -194.55386668876076 -0.15668847925958831
5.591106491152543e-76 167.90732017647807 0.16982529 0.02014023 0.89091102 0.92959447 -1.89352832 -0.18135447 0.01564546 -179.2878458913152 -10.941009912152953
1.5449077498529036e-71 157.67069322234198 0.47774767 0.02389101 0.44551701 0.94943659 -1.98378008 0.91639382 0.00294226 -159.55772449154568 -8.349595684932389
6.383483452616363e-71 156.5158832668394 0.19153045 0.02418837 0.47553242 0.93339955 -1.82422773 -1.62795368 -0.00939241 -149.39876746209583 -8.271925760246134
5.796802206406606e-68 149.42148862560455 0.39509846 0.02488098 0.62672707 0.89985799 -1.92646569 -1.80957309 0.01407351 -145.4056756658704 -11.110207600969002
2.1205561772663473e-67 148.42905370635913 0.10514465 0.02280183 0.68097881 0.7318238 -1.98732213 0.07079182 0.01505912 -130.0802964613955 -19.34119216420904
5.068277448347944e-67 147.59234122817978 0.23015125 0.02487782 0.6422228 0.81145219 -0.31774941 -1.97279824 -0.01086926 -146.98467874079577 -1.4443749655633662
6.401992424292937e-66 144.7425815312127 0.16001032 0.02082217 0.73987713 0.90116954 -1.84434759 0.09894623 -0.01462406 -128.29385512268618 -19.2984861054936
1.910202540732843e-65 143.95961112698117 0.13673891 0.02450732 0.41955141 0.99024901 -1.73711441 0.89659533 -0.00574696 -141.35222512323207 -3.3903564079806294
2.2123479520618136e-62 136.51923595562988 0.10289886 0.02375728 0.47931381 0.80508416 -0.17413368 -1.21292314 -0.00978206 -129.34061155779446 -14.618999569186713
4.187359457075371e-60 131.2707543155156 0.16338159 0.02498443 0.62224014 0.94012055 -0.67665749 -1.49172113 -0.01184847 -129.38750862798204 -7.131727327647829
1.413089953296285e-56 123.13180535499819 0.16611136 0.02389696 0.74850716 0.85300848 -0.15145056 0.69672335 0.01383388 -110.5055439161236 -20.76521039939199
3.8695738432809727e-56 122.56276622057952 0.4814154 0.02129491 0.63867884 0.65910693 -0.36833561 1.94889224 0.00417599 -114.80719877361673 -8.324606581381463
6.601635162481465e-55 119.3052509542672 0.30995323 0.02498592 0.51753128 0.89835881 -1.73754944 0.7575686 -0.01594155 -121.3204316680858 -1.242334552493717
6.401415526818595e-49 105.47282741435039 0.30925749 0.02118521 0.44100544 0.66730253 -1.99334931 0.74838485 -0.01070215 -98.51913226572655 -20.786118688540643
1.6959702609169287e-48 104.95649864319358 3.89952774e-01 2.01057387e-02 8.04410399e-01 5.74615748e-01 -3.59665209e-01 1.80795052e+00 2.17131932e-04 -103.82613755547064 -1.6466898588797492
1.0783360701071961e-46 100.33607085602493 0.23498813 0.02453815 0.80336691 0.72546217 -1.83316242 0.55515275 0.00698649 -96.2977169953714 -8.658781647822183
1.1406124703482536e-45 98.054861230926 0.49377581 0.02188089 0.70491029 0.98379689 -0.08676366 0.33941608 -0.01192046 -85.35244271503001 -14.983628140994929
2.988461226744754e-45 97.40431238331716 0.19619785 0.02105037 0.63731303 0.64865206 -0.24835286 -1.92937601 0.01741071 -98.00913295827722 -0.04572827264876771
4.841527892196689e-44 94.2304271762684 0.12803771 0.02218682 0.83597233 0.57266615 -1.98202258 0.43628626 0.00256163 -95.18270981291232 -2.2216025704048463
1.3461894298135013e-43 93.57507939731784 0.27972066 0.02002724 0.78625506 0.71990079 -1.76867874 1.83864107 0.00306286 -94.16466897113378 -0.0657582051346278
5.977238050962823e-40 84.74861560894783 0.25851498 0.02197857 0.8466944 0.76290304 -0.38280768 -1.90566162 -0.00941251 -84.19157664145263 -9.383502755865202
1.6122597880478717e-39 84.20355921288136 0.32257569 0.02229188 0.86334906 0.60822292 -0.16525949 1.01397216 0.01798033 -84.74455925844974 -0.004056350498084826
2.1445778743844135e-39 84.08806583203764 2.83396656e-01 2.36348025e-02 6.99895983e-01 7.48034282e-01 -1.80211956e+00 -4.91045829e-01 2.10021052e-05 -84.02888814313847 -0.17467106974288196
2.430244563116844e-39 83.93600264909776 0.38101367 0.02483471 0.6615556 0.70096274 -1.81797428 -0.57810373 0.01631826 -77.92647045365737 -6.161595378380262
1.1195643059850648e-38 81.90137952775802 0.38071249 0.02117202 0.71986422 0.67912545 -1.89989151 1.47241679 0.01946694 -65.21532201587758 -18.720680633220187
4.587348676069093e-37 78.07722003455098 0.3388801 0.02096318 0.83091977 0.85826253 -1.6969823 -1.28762869 -0.01576549 -80.20223519978482 -1.6991443279732008
1.8883584645508802e-36 76.8990568859158 0.37175094 0.02467089 0.7404563 0.97024388 -0.94072902 1.9812942 0.00446245 -75.43812075555196 -2.639099278999007
1.2531450481133583e-35 74.84932075949249 0.25182771 0.02259096 0.63326907 0.90014984 -0.67015857 1.70808209 0.00592138 -60.2940407573428 -16.605016128573
3.036021764232819e-34 71.56764298031815 0.28504538 0.02388889 0.41597759 0.83165818 -0.2453101 0.68097198 -0.00235 -74.07901155219143 -0.7703092073010517
8.09544169129465e-34 70.98303016054095 0.40362414 0.02007303 0.63263809 0.96185647 -0.75469572 1.72315585 0.01977173 -63.31445144183597 -8.253191538482183
6.133990560277409e-32 66.210823932625 2.31087323e-01 2.02182425e-02 5.58043112e-01 7.47364487e-01 -1.68927827e+00 -1.38217095e+00 -3.74068078e-04 -62.025781105692644 -8.957249054848312
2.6805066911754624e-31 64.9721688662688 0.31748347 0.0213999 0.89331309 0.96131527 -1.5816824 -1.64341744 -0.00192404 -58.53991142136314 -7.6709125112618635
8.823649077385795e-31 63.78185503623136 0.15207287 0.02357173 0.86844577 0.9057527 -1.59407832 0.30810759 -0.0135918 -64.06356653220348 -0.9086023340653252
1.9877061033592705e-30 63.10525082018939 0.16773514 0.02099981 0.67590576 0.95214983 -1.47714488 1.35880757 0.00973096 -58.09217063459617 -5.689684401635192
2.6448649133427192e-30 63.07852582544827 0.12728148 0.02439382 0.53832181 0.88044973 -0.82038792 -0.88506796 0.01525081 -60.64592229508609 -2.4593285251033037
5.057605705126778e-30 62.044706441036006 0.25230354 0.0248629 0.82677542 0.74070295 -1.59593564 0.20346023 -0.00684113 -49.76326444286287 -13.315261382585398
2.5272678231028406e-29 60.2796577635119 1.89356534e-01 2.19490747e-02 6.02856449e-01 5.16798277e-01 -1.83991489e+00 1.65470888e+00 1.26933784e-03 -42.94716101116258 -19.097545429873428
1.423110116038721e-28 58.54607820050111 0.20617165 0.02392736 0.46345457 0.96641281 -1.55656362 -0.82919308 0.01379255 -60.26777118666916 -0.011886576842738193
4.229764655133477e-27 55.01028825662567 0.42837726 0.02306258 0.84924156 0.99366513 -0.7849814 1.5340648 -0.00538908 -49.949592117738334 -8.596486082762771
1.0454918046866544e-26 54.55972025934122 0.33119168 0.02146762 0.74492099 0.62259111 -1.76883371 -1.86853027 -0.0081901 -52.44183465442539 -2.5684536022002797
3.072282094247384e-26 53.209213031856116 0.12256868 0.02205301 0.51633282 0.59179172 -0.52777117 -1.12399143 0.01152472 -53.83872512683184 -0.7209951325093781
2.991083076932641e-25 50.77727701309117 0.16468356 0.02369705 0.81785469 0.56963503 -0.6605519 1.8331034 0.01137009 -53.20663800541155 -0.002575026444565109
6.68041038057666e-25 50.40296987416239 3.64072450e-01 2.09172808e-02 5.34289237e-01 9.57778320e-01 -1.38960926e+00 1.05010242e+00 8.65884322e-04 -12.75787625940033 -0.09949666960180205
8.95802691846948e-25 50.151570330883054 0.14578973 0.02286096 0.69498624 0.56635675 -0.45337261 -1.09799904 -0.01464604 -47.529648259520364 -2.8733216146420246
1.0352666063768741e-24 50.079230039603374 0.34667327 0.02377922 0.64865227 0.616221 -0.21883598 0.70050645 0.01774363 -48.480467646033276 -1.6711026848497776
1.065970472769315e-24 50.07192174363428 0.28955804 0.02162207 0.54394747 0.59358878 -1.77517453 -1.92908346 0.01412792 -42.76623851493829 -7.312991524665088
4.700852085983965e-24 48.00814982212468 0.26661994 0.02459526 0.56631374 0.64369746 -1.57728762 0.30206038 0.01207437 -49.697759343744146 -0.374162399890129
9.315087459989236e-24 47.780604176718604 0.32235339 0.02253135 0.82295767 0.82091581 -1.58942171 -0.25520502 0.01069609 -32.33717010150445 -15.67097972062023
3.1690637975718955e-23 46.13717063361386 0.30103499 0.02029652 0.8616138 0.55456072 -1.67286059 1.17214181 0.01111037 -47.162754670240695 -0.617849506477911
1.2377981009600664e-22 44.82679813947806 4.04161189e-01 2.45643378e-02 8.77378426e-01 9.56066609e-01 -4.19585999e-01 5.26996816e-01 -1.62507001e-04 -39.11827698649947 -7.0188936471144
2.274116835004302e-22 44.522191492813434 0.25987218 0.0223426 0.50371823 0.79441241 -0.66396476 -1.45576134 -0.01870388 -29.529882494547323 -15.296915644930735
2.7247955598339633e-22 44.42456865436074 3.05127644e-01 2.40073193e-02 5.41087188e-01 5.83800788e-01 -1.66458498e+00 -6.22271815e-01 -6.00578238e-05 -44.27627084103697 -0.24592065177646483
3.306313177327898e-22 44.1340544206913 0.2985416 0.02039797 0.86059528 0.64838636 -0.82139293 1.96428409 0.01266234 -35.0922478206085 -9.332320833752243
8.094543077931044e-22 42.93349850069055 0.11883384 0.02357186 0.8972153 0.70011768 -0.88832967 1.94407495 -0.01982553 -37.91718194120579 -6.21687247948551
2.023857857917761e-21 42.10693413859205 0.20072034 0.02008828 0.5176167 0.96183031 -1.43243685 -1.55787542 0.01290079 -37.242916921491904 -5.690581579198639
2.958658769923959e-21 41.99132574094813 0.31681604 0.0230356 0.61135161 0.50263234 -1.78749182 -1.06969486 -0.0101104 -33.28945599235709 -8.817478146234958
3.272474030303423e-21 41.88490362101503 0.48031612 0.02446381 0.81226472 0.73428471 -1.29177007 0.78338981 0.00750542 -39.554059078942025 -2.437266662006105
4.049290481390753e-21 41.56766024304517 0.20333266 0.02375531 0.89909922 0.602229 -0.500756 1.25749846 -0.01339179 -27.772837663906778 -14.11206595710825
5.889136246225601e-21 41.136855386042136 0.32482777 0.0240583 0.80021637 0.82886557 -1.28417003 1.23260093 0.01215906 -34.45211075703979 -7.115549486005375
7.35697769184002e-21 41.05818299509173 0.10324424 0.02338241 0.44391304 0.93069184 -0.57760318 1.17130807 -0.01111565 -31.319584462588118 -9.817270923454018
8.321732568547711e-21 40.87714754900395 0.22622699 0.02403221 0.59762168 0.82819065 -0.25562398 -0.80344238 0.01173746 -36.67215040222855 -4.386032592863177
9.530535130754607e-21 40.76214389187884 0.33054779 0.02210472 0.74980953 0.81367284 -0.04648185 -0.08197835 -0.01604059 -31.309631179198778 -9.567516369805176
