1 540.2396834557783 0.3558213576759509 0.02429418569359871 0.5850904835584414 -1.5763559229328783 -0.9320887118035466 0.018351143702629063
1 526.1334446540877 0.35422313480075074 0.020125053776113334 0.5375146591845597 -1.5582064367894288 0.9458848566560496 0.01068148735237243
1 522.3289924336168 0.3557707193831535 0.023330994164320093 0.5375146591845597 -1.5732815163877767 0.9458848566560496 0.007067979496916451
1 555.5518408008749 0.431761865701198 0.021207878458870056 0.8308534501553886 -0.8452957094864759 0.8182873448596939 -0.01816702465377351
1 573.3481808781788 0.48288522888271246 0.021682972725563136 0.446372921690074 -0.5090210098699135 -1.1226378243034019 0.004149041254675644
1 529.743448536833 0.35921415409863744 0.023045655028334944 0.4855693240990485 -1.7761291313351166 1.1586290435350302 -0.004821782329694088
1 533.8452053151186 0.4237721826711307 0.020071086372000436 0.8004476188306091 -0.8985208913448617 -0.6389979339280325 -0.013780820007528737
1 619.8288676323615 0.431761865701198 0.024128511425735077 0.8331218506309651 -0.5530317899462589 0.8182873448596939 -0.01816702465377351
1 601.4018815582807 0.11061438787354545 0.020994188253433244 0.7249422188897616 -0.9101170387935666 -1.1182375118372132 0.007154347345095173
2 598.6173950251706 0.35903553614929684 0.02024731784834213 0.5375146591845597 -0.5806179155450344 0.9458848566560496 0.0074577271823897465
2 531.6201528479733 0.3544016317626114 0.0233625256185512 0.4855693240990485 -1.762288703485271 1.1586290435350302 -0.0017125940828169178
2 525.1219428860858 0.36570924955380957 0.020077743084245224 0.40066125742211933 -1.5582064367894288 0.9458848566560496 0.01068148735237243
2 551.2286002063687 0.4194814277311004 0.021670552114873443 0.8997426047614325 -0.8452957094864759 0.8182873448596939 -0.01816702465377351
2 522.664293235212 0.41780136422803305 0.02139726064315572 0.8487847703591349 -1.8872796710079716 0.8182873448596939 -0.01816702465377351
2 676.0278324513826 0.36902773448198845 0.02315802288946494 0.5009487676410312 -0.3318717733888945 0.9458848566560496 0.007067979496916451
2 522.9135850901746 0.35896471861939105 0.021682972725563136 0.446372921690074 -1.7745854976424806 1.3899774653898391 0.015653332974991458
2 576.3515607050281 0.4972386382068764 0.021207878458870056 0.8308534501553886 -0.8216460984630063 0.8182873448596939 -0.019584868423768928
2 522.9377115900635 0.4237721826711307 0.020071086372000436 0.8004476188306091 -1.4259726327189337 -0.6389979339280325 -0.013780820007528737
3 531.6201528479733 0.3544016317626114 0.0233625256185512 0.4855693240990485 -1.762288703485271 1.1586290435350302 -0.0017125940828169178
3 522.6582799893027 0.41780136422803305 0.02139726064315572 0.491781501732733 -1.8872796710079716 0.8182873448596939 -0.01816702465377351
3 524.181169325006 0.4084138746917406 0.020077743084245224 0.40066125742211933 -1.673278241318422 1.029762189288649 0.01068148735237243
3 535.2322753610651 0.3748839616978642 0.02139726064315572 0.8487847703591349 -1.8872796710079716 0.7334057540067382 -0.01816702465377351
3 519.6317510807002 0.48288522888271246 0.021682972725563136 0.446372921690074 -1.806567246333072 1.3899774653898391 0.004149041254675644
3 522.9377115900635 0.4237721826711307 0.020071086372000436 0.8004476188306091 -1.4259726327189337 -0.6389979339280325 -0.013780820007528737
3 522.664293235212 0.41780136422803305 0.02139726064315572 0.8487847703591349 -1.8872796710079716 0.8182873448596939 -0.01816702465377351
3 522.664293235212 0.41780136422803305 0.02139726064315572 0.8487847703591349 -1.8872796710079716 0.8182873448596939 -0.01816702465377351
3 531.6201528479733 0.3544016317626114 0.0233625256185512 0.4855693240990485 -1.762288703485271 1.1586290435350302 -0.0017125940828169178
4 527.1186312697703 0.4084138746917406 0.020077743084245224 0.8352438539007513 -1.8177105705979117 0.8173147745962548 0.01068148735237243
4 516.944692218827 0.41780136422803305 0.02139726064315572 0.4421557373289981 -1.7404449693792288 1.0305043779453658 0.003873624542308326
4 523.9335874930495 0.42252373384885067 0.020077743084245224 0.40066125742211933 -1.661316739086638 1.029762189288649 0.01921388866620392
4 526.0522811314287 0.4036464291276294 0.02139726064315572 0.8487847703591349 -1.890155608465158 0.8182873448596939 -0.01980611094721477
4 519.6317510807002 0.48288522888271246 0.021682972725563136 0.446372921690074 -1.806567246333072 1.3899774653898391 0.004149041254675644
4 522.6582799893027 0.41780136422803305 0.02139726064315572 0.491781501732733 -1.8872796710079716 0.8182873448596939 -0.01816702465377351
4 522.664293235212 0.41780136422803305 0.02139726064315572 0.8487847703591349 -1.8872796710079716 0.8182873448596939 -0.01816702465377351
4 522.664293235212 0.41780136422803305 0.02139726064315572 0.8487847703591349 -1.8872796710079716 0.8182873448596939 -0.01816702465377351
4 522.664293235212 0.41780136422803305 0.02139726064315572 0.8487847703591349 -1.8872796710079716 0.8182873448596939 -0.01816702465377351
5 517.8399259475789 0.48288522888271246 0.021682972725563136 0.446372921690074 -1.8214585674273398 0.8260764599014254 -0.015079435852653774
5 518.8179196395696 0.41780136422803305 0.02139726064315572 0.8487847703591349 -1.8719449527200178 1.3755950687229874 0.0027065040783907264
5 520.1267424862848 0.48288522888271246 0.021440539804630745 0.4392443877587642 -1.8097149126255416 1.3899774653898391 0.004149041254675644
5 521.961800016399 0.41780136422803305 0.021639865901948226 0.5011809280391291 -1.883484125848087 0.8182873448596939 -0.01816702465377351
5 522.664293235212 0.41780136422803305 0.02139726064315572 0.8487847703591349 -1.8872796710079716 0.8182873448596939 -0.01816702465377351
5 527.3538459140636 0.41780136422803305 0.02139726064315572 0.8487847703591349 -1.8872796710079716 -0.3267302787809778 -0.01816702465377351
5 522.664293235212 0.41780136422803305 0.02139726064315572 0.8487847703591349 -1.8872796710079716 0.8182873448596939 -0.01816702465377351
5 516.944692218827 0.41780136422803305 0.02139726064315572 0.4421557373289981 -1.7404449693792288 1.0305043779453658 0.003873624542308326
5 519.6317510807002 0.48288522888271246 0.021682972725563136 0.446372921690074 -1.806567246333072 1.3899774653898391 0.004149041254675644
6 516.944692218827 0.41780136422803305 0.02139726064315572 0.4421557373289981 -1.7404449693792288 1.0305043779453658 0.003873624542308326
6 516.944692218827 0.41780136422803305 0.02139726064315572 0.4421557373289981 -1.7404449693792288 1.0305043779453658 0.003873624542308326
6 520.8847022614464 0.4215176647901735 0.021708991355917737 0.7002854568960153 -1.8806357744889564 0.8166519007553688 -0.015998676354941888
6 518.137384341397 0.47594247300858383 0.021371762824837083 0.5953591553909501 -1.8277626394223525 0.8277118661531007 -0.017214511349638497
6 521.1507744981329 0.48288522888271246 0.021370014468987023 0.6073574804494626 -1.806567246333072 1.3899774653898391 0.019322621581941177
6 516.2495903339585 0.41780136422803305 0.02171076236936324 0.4421557373289981 -1.7404449693792288 1.0305043779453658 0.00398353102933037
6 521.3362535070186 0.41780136422803305 0.02139726064315572 0.4368797073640797 -1.8884942138035312 0.7481534415651758 -0.004754373860677435
6 516.7597178505994 0.41780136422803305 0.021639865901948226 0.5096302834389687 -1.7313173851154857 1.0989856595168055 -0.00913280815148745
6 516.944692218827 0.41780136422803305 0.02139726064315572 0.4421557373289981 -1.7404449693792288 1.0305043779453658 0.003873624542308326
7 517.3514396853943 0.41780136422803305 0.02127029170729176 0.4421557373289981 -1.7404449693792288 1.0305043779453658 0.003990826274075734
7 516.1043584547959 0.41780136422803305 0.02184099512473285 0.4421557373289981 -1.7404449693792288 1.0305043779453658 0.003866329141137676
7 516.811142656292 0.41780136422803305 0.02165222797896083 0.4234164748802616 -1.7365314046906937 1.1104677062026256 -0.00913280815148745
7 515.4307234473087 0.41780136422803305 0.021698402220562508 0.5440622311680938 -1.6669931051438258 1.0189866090464026 0.00398353102933037
7 516.6153821310565 0.41780136422803305 0.02172813088296778 0.7198318093258624 -1.7313173851154857 1.1028134963279022 -0.00913280815148745
7 521.0427843681824 0.4215176647901735 0.021620742715742998 0.496044200775126 -1.8806357744889564 0.8121670950308735 -0.015998676354941888
7 516.944692218827 0.41780136422803305 0.02139726064315572 0.4421557373289981 -1.7404449693792288 1.0305043779453658 0.003873624542308326
7 520.7477106727058 0.4892401477758963 0.02139726064315572 0.4421557373289981 -1.7404449693792288 1.2575234695955557 -0.0104380198770489
7 516.7597178505994 0.41780136422803305 0.021639865901948226 0.5096302834389687 -1.7313173851154857 1.0989856595168055 -0.00913280815148745
8 515.547972061139 0.41780136422803305 0.02184099512473285 0.43233597580146577 -1.688921758361973 1.5104527283196538 0.0038719607734081854
8 515.9822020845891 0.41780136422803305 0.021698402220562508 0.5661617057907344 -1.7184610784541134 1.0189866090464026 0.003977899300523689
8 516.7440634571433 0.41780136422803305 0.02164866163272779 0.49890792668805023 -1.7313173851154857 1.0989856595168055 -0.00913280815148745
8 516.2626238745867 0.41780136422803305 0.021701968864665445 0.45401002732440926 -1.7404449693792288 1.0305043779453658 0.00398353102933037
8 515.451517475794 0.41780136422803305 0.021685110490193928 0.5209279297986076 -1.6669931051438258 1.0189866090464026 0.00398353102933037
8 516.7363258320704 0.41780136422803305 0.02165315855207575 0.5327888647428624 -1.7313173851154857 1.0989856595168055 -0.00913280815148745
8 518.5270115289351 0.47690502669071744 0.02171733316332433 0.4421557373289981 -1.7404449693792288 1.2575234695955557 -0.0104380198770489
8 516.6893599933746 0.42573579968403363 0.021391076470484542 0.4421557373289981 -1.7404449693792288 1.0305043779453658 0.00398353102933037
8 521.8607445815703 0.38238385020773824 0.02172813088296778 0.7198318093258624 -1.7313173851154857 1.1028134963279022 -0.017811321228542724
9 515.4204571816201 0.41780136422803305 0.021705370178450863 0.5175259688448732 -1.6669931051438258 1.0189866090464026 0.003983258782737385
9 516.0139467134915 0.41780136422803305 0.021678142819032558 0.5697922615203594 -1.7184610784541134 1.0189866090464026 0.00397817154710579
9 515.547972061139 0.41780136422803305 0.02184099512473285 0.43233597580146577 -1.688921758361973 1.5104527283196538 0.0038719607734081854
9 516.6893599933746 0.42573579968403363 0.021391076470484542 0.4421557373289981 -1.7404449693792288 1.0305043779453658 0.00398353102933037
9 515.5386538383461 0.41780136422803305 0.02184099512473285 0.4726437846632626 -1.688921758361973 1.499749937757676 0.003957749910244838
9 516.2621647979109 0.41780136422803305 0.021701968864665445 0.41853439112278523 -1.7404449693792288 1.035058949863179 0.0038977418428990974
9 515.7022120329332 0.41780136422803305 0.02148746422818852 0.5440622311680938 -1.6473794700698172 1.0169653528116465 0.00398353102933037
9 516.3747119361835 0.42573579968403363 0.021602128282313726 0.4421557373289981 -1.7592962591557275 1.0325254731235756 0.00398353102933037
9 515.547972061139 0.41780136422803305 0.02184099512473285 0.43233597580146577 -1.688921758361973 1.5104527283196538 0.0038719607734081854
10 515.4307234473087 0.41780136422803305 0.021698402220562508 0.5440622311680938 -1.6669931051438258 1.0189866090464026 0.00398353102933037
10 515.7022120329332 0.41780136422803305 0.02148746422818852 0.5440622311680938 -1.6473794700698172 1.0169653528116465 0.00398353102933037
10 516.2511731813803 0.41780136422803305 0.02170595210249358 0.5175259688448732 -1.7391698813041854 1.0167720591433351 0.003983258782737385
10 515.4374401684585 0.41780136422803305 0.02170138694170744 0.41853439112278523 -1.6681353606409774 1.037273146426811 0.0038977418428990974
10 515.7022120329332 0.41780136422803305 0.02148746422818852 0.5440622311680938 -1.6473794700698172 1.0169653528116465 0.00398353102933037
10 516.3617107697148 0.43764034763858173 0.02184099512473285 0.43233597580146577 -1.688921758361973 1.5104527283196538 0.007479037903555086
10 515.4204571816201 0.41780136422803305 0.021705370178450863 0.5175259688448732 -1.6669931051438258 1.0189866090464026 0.003983258782737385
10 515.4307234473087 0.41780136422803305 0.021698402220562508 0.5440622311680938 -1.6669931051438258 1.0189866090464026 0.00398353102933037
10 516.0139467134915 0.41780136422803305 0.021678142819032558 0.5697922615203594 -1.7184610784541134 1.0189866090464026 0.00397817154710579
