0.0 1994.0982168473636 0.10458035 0.02402267 0.65228489 0.96469222 -0.02114831 1.82890794 -0.01598056 -6.341647191208816 -512.5081059878773 -0.24196597353496765
0.0 1412.9061113453502 2.86614883e-01 2.37788257e-02 5.20246936e-01 6.87602520e-01 -4.69730836e-04 1.88508944e+00 9.80699433e-03 -968.456308217908 -1016.1648527980719 -9.477055831383826
0.0 1341.584676053278 3.54802620e-01 2.37271496e-02 8.53480840e-01 9.38006051e-01 -4.75173340e-02 1.45942074e+00 7.27868275e-04 -428.74958737385384 -976.8468175062554 -7.309706465240915
0.0 1335.6998080195294 0.10994764 0.02391088 0.43136835 0.84088258 -1.91895425 -0.74631201 -0.00799799 -460.4771573088984 -874.2210353864507 -6.886483357928919
0.0 1331.2686329675396 0.21310828 0.02412463 0.51071111 0.83993196 -0.04271146 1.38066933 -0.00521113 -165.2644361745125 -1161.9867900995746 -8.448581745442361
0.0 1329.0448140337362 0.10347017 0.02449491 0.53111304 0.73480616 -1.93222974 -0.40433047 -0.0100899 -425.03809093731013 -895.7639804823156 -10.466561547913805
0.0 1278.87512998371 0.11698163 0.0219745 0.74985244 0.83770255 -1.90236732 -0.81671754 -0.00985992 -134.06791861641787 -1180.5033788071635 -14.473516610154757
0.0 1261.1784191938036 0.10056495 0.02123477 0.59844118 0.75514324 -1.84621532 -1.076638 0.00741732 -156.14685175400317 -1122.7233872387899 -0.004890990917033225
0.0 1125.1549058113696 0.12252643 0.02461746 0.50728496 0.62622102 -1.93064092 -0.54389417 0.01365139 -108.05955844020389 -1151.6619150365752 -1.4569457170245328
0.0 1075.9443082064618 0.42577169 0.02172386 0.55257813 0.86827767 -0.22244765 1.74741624 -0.00382858 -93.71521757809623 -1015.4973286802406 -15.942359553032956
0.0 1071.9672466428333 0.10845416 0.02230749 0.46963884 0.7738055 -1.6993656 -1.32418492 0.01833795 -283.43082441759213 -792.306253706172 -0.20723008269761542
0.0 1066.4518263885425 0.42225306 0.0230067 0.48581899 0.53155799 -0.08775351 1.93251769 0.01056921 -65.86751837311783 -1005.9044317676673 -0.1952965020481697
0.0 1050.5978315608784 0.11044623 0.0248882 0.58319563 0.87911965 -0.19424722 1.23836958 -0.00846214 -181.48617224522422 -882.6651215909374 -2.3005325523808957
0.0 1031.602608121785 0.16173779 0.02464514 0.5207879 0.90440228 -1.88632523 0.13259987 -0.01658275 -264.14175428825706 -767.017115420464 -19.43896185215728
0.0 1014.4030536373074 0.16631364 0.02313765 0.77959419 0.58639255 -1.96942988 -1.27116183 0.00521919 -162.12038980023382 -853.1982900755323 -16.2839282460188
0.0 985.6219162825898 1.59679947e-01 2.45485100e-02 8.05127478e-01 5.40289833e-01 -2.22116016e-01 1.75823162e+00 -1.68442227e-04 -91.95368456639667 -919.4977219872975 -2.951647083613269
0.0 976.5168877228108 0.19789155 0.02386305 0.60913555 0.94909917 -1.89884446 -0.53861892 -0.01641967 -161.83741186188897 -808.6773140563649 -15.107190364335873
0.0 903.3416035405999 1.12148128e-01 2.28835194e-02 8.31089458e-01 6.44690990e-01 -1.67303541e+00 2.97028981e-01 8.06752215e-04 -177.1005818856094 -791.3897982434291 -8.026507593772243
0.0 880.8595842191794 0.1510659 0.02085366 0.75822309 0.73549772 -1.86796627 1.71310157 -0.01023027 -44.964208248871444 -856.615425055547 -1.7619702361814142
0.0 862.4794527707438 0.12724233 0.02254119 0.50016669 0.73226767 -1.42431364 -1.40960355 -0.01037873 -125.9791468901251 -751.6660124850013 -3.214424844053011
0.0 851.8598623833004 0.24312499 0.024314 0.45810929 0.99050927 -1.97219056 1.0791717 0.0135434 -20.083820016143616 -841.7537584324735 -0.6418743221266545
0.0 839.6467846437889 0.44361828 0.02022443 0.43440027 0.97567464 -0.08402858 0.34738267 0.01546896 -211.18372387016447 -628.2412628166909 -12.434875696445003
0.0 833.9716355805896 0.28804533 0.02102321 0.61567576 0.5871874 -0.38020154 1.85065056 -0.00562847 -94.81389400951056 -737.2145508980004 -7.618339736277874
0.0 824.7582473287648 0.22503189 0.02161532 0.53988856 0.72403587 -0.38689189 1.64910156 0.00498211 -112.95053224278675 -718.6732904900892 -2.347812847713588
0.0 821.5750522432265 0.23836735 0.02290578 0.88766275 0.7547809 -1.97050568 -1.21612269 0.0194911 -134.48388862449727 -689.8873939153077 -0.3869647889598167
0.0 792.2434381257211 0.39463187 0.02244296 0.42545643 0.85527574 -0.40057733 1.4172382 -0.0049641 -124.88508022761592 -694.8359754736965 -1.8539965419140978
0.0 787.3696782915896 0.4933966 0.0227414 0.5337852 0.73298365 -0.41250223 1.59253095 0.00274757 -108.99938688064759 -682.8213218206447 -0.4227294244289193
0.0 772.2369908473069 0.2880017 0.02352263 0.78255709 0.9323612 -1.89192263 -1.59786749 0.01079083 -87.33726130949194 -698.8026883884507 -1.2297285936468894
0.0 766.6667514475669 0.24020507 0.02038589 0.74028908 0.97577838 -0.63511786 1.97505635 0.00199592 -146.6345394430941 -620.2671716629634 -5.335279741249336
0.0 765.3302268580695 0.27603933 0.02219762 0.52489424 0.78040903 -0.35802451 1.22644274 -0.00791924 -153.45463003736882 -606.902307218014 -6.309814192184085
0.0 745.7530549099852 0.25866618 0.02346266 0.86627196 0.89257472 -1.85685949 0.81689217 -0.00399829 -90.55795908308913 -674.6977193654827 -0.07454840949760076
0.0 745.7390455187024 0.42443714 0.02470968 0.46800365 0.95734499 -0.69425353 1.97055938 -0.01083154 -133.8239209218667 -607.0112110154139 -4.917922972704608
0.0 745.2145581821462 0.41396081 0.02061776 0.73538322 0.71810317 -0.19679168 0.4353031 -0.00402548 -106.4025109287492 -622.2421267384717 -17.09440785148145
7.16e-322 733.3000463066522 0.19128555 0.02363267 0.61679499 0.79273107 -0.41326906 1.31413399 0.01885641 -41.186463080619546 -699.3819051941535 -4.646189907373118
5.47e-321 731.4047067749419 0.26725394 0.02438337 0.89450592 0.50482215 -1.81635079 -1.98923461 -0.01525567 -85.47476461368281 -641.6799217938948 -6.145359899074597
1.30794e-319 728.1219973539697 0.2562735 0.02339597 0.74317798 0.69266777 -1.82299 -0.34599706 -0.01823645 -46.72938402771827 -671.4770717415709 -13.198251005652752
2.83426e-318 725.0495423583133 0.43054792 0.02418802 0.60890623 0.63423394 -0.12175023 -0.11624458 -0.00076215 -77.07465898904138 -646.5735811325497 -4.47375723237863
1.4787497175e-314 716.4397134189229 0.16693934 0.0200579 0.70723537 0.95857331 -0.03457703 -1.1283909 -0.01325637 -20.033430043555587 -693.90956892807 -11.106543386687722
7.19295313644e-313 712.5707179727846 0.13583574 0.02245919 0.68345315 0.96263482 -1.31950296 -0.92067439 0.01638635 -75.5552005991456 -631.7875283062228 -9.096984513554537
1.79783533565e-312 712.1232254721642 0.11327677 0.02328308 0.73786027 0.58035782 -1.47326184 0.89290645 0.00715843 -13.498011893395395 -698.6169298013759 -0.4557762780132487
2.815602747934e-312 711.6657725933024 0.49607472 0.02051664 0.58254815 0.70743006 -0.25742176 0.29502896 0.00117721 -23.93203826110641 -684.4214146350012 -3.7697725760566203
5.4073434336395e-310 705.9158576089242 0.18963591 0.02437291 0.65688639 0.89195396 -1.39617824 -1.1868323 -0.01169218 -27.9476184553081 -678.3776474027981 -5.340506735196339
2.7937154189250934e-307 699.6622439590001 0.23321334 0.02083802 0.62836098 0.99472584 -1.6976911 0.6745963 0.01618834 -23.281693799794315 -669.5524773672051 -13.081686441924768
1.497784349381168e-306 698.1809955370499 0.13361939 0.0202957 0.87977688 0.63582429 -1.21328401 -0.84325215 -0.01865399 -99.77903931303506 -596.5819839490074 -3.3012206969577114
1.9358648668951333e-305 695.4767734712251 0.12323325 0.02035112 0.72908306 0.89377609 -1.04537219 -1.46534211 0.01143664 -7.4848114676414745 -683.6706539353552 -7.025530134053118
3.6541731008643614e-305 695.4530457908087 0.45146336 0.02404835 0.55776563 0.87565572 -0.02746633 -1.0681308 -0.01061439 -36.54988791281298 -652.3457255174355 -6.5811600409765845
3.897246474896614e-303 690.1018652458152 0.13618629 0.02111435 0.74846163 0.50351347 -0.51550715 1.8080634 0.00862594 -8.784815361275085 -676.9465818544004 -9.721648575133292
1.1284945611675324e-302 689.4475110866717 0.28060741 0.02321351 0.48967496 0.67439734 -0.08100946 -0.42322472 -0.00330351 -59.263906579208644 -628.8998723574742 -1.938086309132312
1.7895051409630456e-302 689.0954253584006 0.14691937 0.02257163 0.75171492 0.80973021 -0.00273048 -1.06215602 0.01588323 -11.284421173601178 -674.7971400072586 -3.365949905811915
7.631024301758303e-301 684.8188437657109 0.450491 0.02354143 0.60987715 0.91307166 -0.37468041 0.49960349 0.00589262 -42.99998749507827 -645.376406280837 -0.7190315824852985
3.649269791636086e-300 683.4648617261104 0.44350427 0.02357835 0.6577981 0.62601534 -0.59547601 1.63831892 0.01135377 -33.827958172179635 -645.5212304156958 -5.469655177835528
1.190330896424782e-299 682.3255582048819 0.19595126 0.02139387 0.82766174 0.75330803 -1.34448943 -1.97946965 0.01024374 -41.90145673488673 -635.8251000219882 -5.738304969235364
4.174528800565732e-299 681.030125415673 0.38091681 0.02107848 0.58218307 0.9305603 -0.00173377 -1.30417149 0.0136355 -20.29146168442132 -661.1077313624994 -0.9263651579611566
3.534955118360851e-298 678.7436508678712 0.14212053 0.02078973 0.45549449 0.63252546 -1.47230571 0.98912863 -0.01233941 -19.170810590799793 -659.7646508245641 -2.0946640003091104
4.343583201895549e-297 676.2096438305038 3.20347429e-01 2.44368413e-02 4.46546251e-01 8.99553568e-01 -9.41287140e-02 -1.44613823e+00 2.75212622e-04 -28.21721730850624 -646.9499293703793 -3.5765041889855698
8.467124796050417e-297 676.1012176584486 0.40288342 0.02356559 0.55457514 0.68322836 -0.38782429 0.68265941 -0.00836926 -49.26303264971677 -613.1443385286256 -13.802272652161324
1.4794186886416943e-295 672.6256746703637 0.38102308 0.02212423 0.61754394 0.93148307 -1.86924341 1.51820458 -0.01975121 -26.63651968964639 -643.8199449523679 -5.644753016434295
3.8624134998653353e-295 672.0921023780037 0.33713561 0.0247131 0.69137248 0.71803776 -0.15023768 -0.53619735 -0.01126185 -146.29670542415937 -526.3033007866399 -0.02566845956447635
9.599861189242584e-295 671.0059311852767 0.22068254 0.02440845 0.4855094 0.58823099 -0.46198219 1.25144492 0.01187812 -8.269667775519576 -646.6844158448871 -17.138018757596978
2.1558325852613244e-294 670.3035049497205 0.29731509 0.02319586 0.43290532 0.75911481 -1.9026513 1.40170137 0.01372894 -36.847052154996696 -620.6789795498505 -13.479899480429456
6.978809675403688e-294 668.9515384319661 0.27182312 0.02454022 0.4383301 0.57826279 -1.71522274 -1.49689221 0.01022672 -108.16248162048471 -558.8739059738398 -3.2671173553959982
1.9818486885176464e-292 665.3983560411622 1.64443753e-01 2.00198028e-02 7.42502220e-01 5.37028889e-01 -6.32332954e-02 -1.60502798e+00 1.09193841e-04 -40.23578746012246 -613.7074429999367 -15.00830797190697
1.8436389507632996e-291 663.2446384801864 0.24600037 0.02475034 0.6672675 0.85527396 -0.12606858 -0.92737495 -0.00204186 -66.1835751748235 -589.7611212660239 -9.453659600314754
7.93252026054984e-290 659.3889778293351 0.13862247 0.02184824 0.50734416 0.79850714 -1.2097648 -0.81392312 0.00886499 -28.51716212050214 -617.1123047376709 -17.615171622013317
3.481604394962456e-289 658.1349852132834 0.22413911 0.02424288 0.70751583 0.66227203 -0.31590697 0.45854225 -0.00721489 -8.559606171768275 -650.7596641350765 -0.06970752249036549
5.789556078275526e-289 657.9968627551616 0.48401018 0.02369088 0.49352927 0.63282248 -0.0521127 -1.92397857 -0.01758344 -18.472007036902255 -627.987222472288 -11.675755704093154
9.347139977451932e-289 657.2859796510359 0.25379474 0.02060815 0.50178084 0.55164337 -0.09547707 -0.75976927 -0.00767641 -14.058218770818034 -637.3416652844929 -6.596978699850686
5.207787240970563e-287 652.8731978031785 0.34754754 0.02004014 0.66428839 0.6147416 -0.43899418 0.78692426 -0.00227131 -10.913412649449569 -641.6624772079599 -4.710089793626411
3.7449811417428254e-285 648.5944954673012 0.26463456 0.02457464 0.63736789 0.94783888 -1.57273008 1.90821452 -0.01276845 -21.156649572702904 -622.4541641299014 -9.262384100574213
1.0117665313099136e-283 645.3162938806731 0.33023278 0.02321097 0.51121564 0.85749518 -0.13893909 -1.33508658 0.00654676 -95.92957078796583 -537.2438440571233 -15.421080622212013
6.240788029484854e-283 643.6238521124474 0.34686845 0.02071489 0.83661499 0.94675046 -1.69642033 -1.85932829 0.00507592 -35.80791591636005 -606.1567344645398 -3.3516434997733
2.1965230417440265e-282 642.4643587686729 0.34033454 0.02302458 0.51724666 0.62218564 -0.32192087 0.19602624 -0.00276823 -87.56937908217247 -552.0296135599663 -4.024859470308732
9.988683604212187e-282 640.8541877428207 0.47986754 0.02010624 0.46259125 0.98129799 -1.80921444 -1.11544339 -0.01036646 -12.61303676919849 -627.4667024369975 -2.3846195624769293
2.1497311432059962e-281 640.3871911765901 0.11301576 0.02222268 0.74093291 0.67285472 -1.13504692 -0.26188799 -0.01253634 -115.10365915813446 -517.0962786510988 -8.65424993358747
2.8470194872898795e-281 640.2341681305428 0.3641444 0.02233911 0.55665702 0.96594174 -1.74997542 -1.44824219 0.01143422 -6.909425607749489 -633.3806963761227 -0.09706919271788461
2.195915424971882e-280 637.6386656197051 0.23888531 0.02047795 0.42038694 0.9626539 -0.55859749 -1.88244143 -0.0022348 -99.97677548720145 -540.0167709777209 -0.24062166562050782
4.298473079688649e-280 637.5306652132361 0.11171961 0.02275698 0.61479021 0.57198467 -0.66070659 1.99189912 0.01479532 -114.33805368176012 -517.6817093465544 -5.618902591390534
6.743601035187151e-280 636.8415501460396 0.35271132 0.0220751 0.56278928 0.82296448 -1.82172461 1.35107296 -0.0096446 -58.77885666719097 -577.4684044758548 -1.2834040701903757
9.665155032660389e-280 636.6901094341594 0.46175771 0.02211821 0.48811836 0.84785335 -0.6514174 1.08935504 0.00177564 -105.26329605526716 -531.5710807468424 -0.007173343930031727
3.93643871998319e-279 634.8013535253166 0.24643553 0.02450829 0.56259883 0.71324425 -0.19602759 -1.01886369 -0.00628158 -32.83889731036024 -603.8284215138665 -0.022790609932621192
6.933544583315477e-279 634.7641162092327 0.13902321 0.02344032 0.85949731 0.82646645 -1.03396775 -0.99419255 -0.00654602 -31.515554410678046 -588.6554469531983 -14.630352161440268
1.494616875962688e-278 633.584344291321 0.21536142 0.02477481 0.45226396 0.58856555 -1.59684133 1.91523906 -0.0141964 -21.50849861706758 -608.4887971108553 -4.766820481309798
6.661884312787411e-278 632.004063479461 0.13816223 0.02023728 0.59474992 0.66364372 -0.3288164 -1.40306399 -0.00144631 -47.59550161402475 -568.0564216512524 -17.9324210260438
1.3846741835642988e-277 631.585988665849 0.45906341 0.02469763 0.42672498 0.98701373 -1.73621092 0.51182152 0.01511233 -94.09263046370613 -530.4017659408895 -7.5096670748654555
2.70632967396602e-277 630.7717929890049 0.3868917 0.02494092 0.5753701 0.70039915 -1.86047839 -1.47943446 0.0072923 -98.48221851379006 -516.1621218320115 -16.941648320047435
3.0333713066439615e-276 628.0469128111148 0.22093493 0.02207913 0.71866422 0.61997655 -1.56130983 0.76917492 -0.0162152 -73.75679097493386 -536.8548953163454 -20.16010669772563
7.095101529965768e-276 627.6382469314983 3.43731876e-01 2.45841797e-02 4.79541477e-01 6.75229353e-01 -7.18755106e-01 1.56888098e+00 4.06285201e-04 -33.54544014580636 -594.4932110452619 -0.008261620046595055
9.10312190568407e-276 627.5017048391967 0.3532445 0.02206743 0.86633321 0.78963401 -1.74841419 -1.7762844 -0.0019125 -31.85942566118936 -580.2423908607756 -15.53643040953344
1.9149777735257163e-275 626.4170213082558 0.18698503 0.0238483 0.52593872 0.88459942 -0.33292317 0.32367257 0.01410022 -73.78248740781744 -553.7139006671359 -0.005316764243237095
5.427304430626886e-275 625.3834607003049 0.14567174 0.02430915 0.81056891 0.55304523 -0.18347979 -0.92659287 -0.01794327 -14.49416858862842 -604.0242434048826 -7.898609314744806
1.531994286322311e-274 624.3375289853808 0.4357134 0.0242336 0.8514726 0.78446648 -0.74463955 1.25402999 0.00761292 -31.992412768115464 -581.0087377066457 -12.382310225543696
2.3209358974161066e-274 624.28160048484 0.23006229 0.02263232 0.63260943 0.64129617 -0.17369302 -1.35445387 0.00910776 -28.47388517174817 -584.2851436137901 -11.578500199842583
5.250824580832963e-273 620.5149042947693 1.41965079e-01 2.36877310e-02 5.36303926e-01 9.91678948e-01 -1.25385690e+00 2.48118932e-01 1.02274407e-03 -46.48260463686955 -576.9130440439915 -0.8859518039789608
1.0729627084144987e-272 620.4185657231128 0.18002915 0.02090545 0.79892478 0.81857054 -0.19552674 -0.57810246 0.01416446 -9.613623665342033 -604.3291477536602 -6.572132875766968
1.1748829371563086e-272 620.323384240329 0.15240663 0.02236329 0.50368846 0.62049939 -0.22566553 -1.30339121 0.0118899 -17.789367794840203 -599.6938739695489 -2.9353239587236923
1.2303755607275043e-272 620.3140465299374 0.24179271 0.02030345 0.76739602 0.91804095 -1.53052319 0.47425005 0.01551646 -67.13984835193128 -552.9050718064561 -0.2784640819415682
3.114804221613451e-272 618.9116708255482 0.27092268 0.02279305 0.49365337 0.94400017 -1.5366328 -0.80612928 0.01597592 -47.876330378027255 -565.4751654586147 -6.962550693295526
5.020847902167393e-272 618.8933134921821 0.46952034 0.0241317 0.66073022 0.91920657 -0.29055496 -1.98920373 0.01612269 -46.24132129694903 -571.2582314002038 -1.4121181283952144
6.059551982279451e-272 618.554157354578 0.14332223 0.02326829 0.40846998 0.61729043 -0.88783431 -1.54600348 0.00396784 -25.01878719071779 -583.3374481214657 -10.537078179998547
9.986501377797505e-272 617.9464592142336 0.31480117 0.02040824 0.58077633 0.5096207 -1.79868849 -1.21050105 0.01487438 -29.91127623275216 -584.9608900091437 -3.681991112682248
1.4345947292690694e-271 617.7394703223248 0.25082651 0.02477887 0.59769789 0.7074182 -1.54854199 1.359501 -0.01548506 -39.48955017349311 -572.3184912734263 -6.138417767314267
1.671194183712828e-271 617.6238217628601 0.44280666 0.02241337 0.74743972 0.81134541 -1.88171284 0.92103498 -0.00230757 -47.666961566170315 -552.0872405584518 -17.985268197702673
1.8268892651775365e-271 617.5493858802968 0.17370634 0.02092913 0.54979144 0.91480004 -0.23116646 -0.60891219 -0.00973651 -100.03013837380463 -517.2280493892654 -0.36563399978999006
2.060040088233482e-271 617.3794510599537 0.29279083 0.02185526 0.84495861 0.72484557 -0.30420958 -0.09710045 -0.01199534 -29.18909745322116 -585.5483729353402 -2.8119154917354097
5.063807664888265e-271 616.1111723152086 0.16784215 0.02498287 0.46598076 0.53968316 -0.38838039 0.39182788 -0.01396489 -7.859684677917779 -609.4556350550474 -0.06413132698844957
1.6510375097163375e-270 614.9484671058916 0.48761256 0.02334057 0.52608389 0.97702207 -1.24385125 1.95297307 0.0144253 -9.148122861332562 -586.2197162939748 -20.743333159901262
2.666884040452402e-270 614.8254725014787 0.21344239 0.02361444 0.65875345 0.60056124 -1.31002396 -0.92599488 -0.00596029 -61.942224947162096 -548.8854636579505 -4.120778500778961
4.327770213161641e-270 614.0964540440011 0.2910766 0.02327248 0.48960645 0.62733756 -1.50422238 -1.95555451 -0.00981278 -9.43655264580148 -599.3817281948054 -6.007191660871721
5.875349203901864e-270 614.0741705319879 0.23117837 0.02315624 0.53547295 0.53537177 -0.18461356 -1.08016654 -0.00619185 -25.959192030016926 -584.4304768095303 -3.7067852044539373
1.2635383857104626e-269 612.8878441059031 0.39486453 0.02379242 0.80338249 0.99203063 -1.66167965 -1.7073559 0.01934834 -24.42005195789264 -586.6034615076209 -3.050657066474361
1.965511817615197e-269 612.8479592927971 0.34602147 0.0227293 0.42202257 0.92559354 -0.42712274 0.25575135 0.00734471 -81.39588437452751 -524.0688417272311 -7.423118004144553
2.5373049655364145e-269 612.4135773893838 0.41821772 0.02485959 0.89360256 0.53685993 -0.6549764 0.74399752 0.00491647 -12.894750544957626 -598.7643933551803 -1.1888153926590774
3.7997145223995434e-269 612.0216836202812 0.34506645 0.02411655 0.60218294 0.77879236 -1.74372345 0.65264455 0.01250695 -12.580139719988638 -580.780332253084 -19.053105416311123
4.514083397586473e-269 612.0208980600926 0.28199042 0.0204213 0.85995545 0.89723209 -1.53328476 0.16295611 -0.01968491 -71.20116212669814 -530.434094409464 -10.386427084119102
4.8242048423735735e-269 611.8835343405274 0.41088379 0.02056382 0.78814538 0.72867423 -1.90742878 -0.16955968 0.0110382 -48.47257560952109 -557.5090277484288 -6.039294702142687
8.932580548153189e-269 610.9741018683686 0.24583153 0.02342051 0.80968204 0.99993438 -0.55144723 -1.44937177 0.00151493 -83.5136071229601 -523.3593751573916 -5.010552060175673
1.938772010978852e-268 610.2514794833477 0.33542799 0.0233597 0.81166332 0.71164363 -0.80343935 1.77950885 -0.01932446 -88.0248906117414 -518.314470248473 -4.634741008154223
3.850695315551759e-268 609.5759182707563 0.22286887 0.02147321 0.47532565 0.83390697 -0.58902886 1.22324841 0.01665365 -38.541315358060196 -567.4691318269795 -4.241032298308054
5.983143573704097e-268 609.2712467240656 0.28222003 0.02310515 0.47496263 0.69135092 -0.26988675 -0.5300108 -0.01416922 -34.22692832141913 -574.642513964245 -0.706475985092172
9.119172941832936e-268 608.7636851931579 0.24133927 0.02367766 0.7059206 0.96077529 -0.38767951 -0.99762576 0.00563006 -10.23590124145122 -596.2528572894997 -2.782488193114622
6.541662743861389e-267 606.407637750821 0.34579856 0.02009525 0.8089257 0.64679748 -0.2787991 -1.25888544 -0.01945457 -60.11482197406491 -542.1558559473694 -6.493007271723577
1.9125917103124584e-266 605.6115443221006 0.48992982 0.02162187 0.60477145 0.85861046 -1.74083317 1.2710325 0.00658415 -21.17264476896654 -576.4810644338975 -8.753928547956994
5.5206684321818716e-266 604.4454333460947 0.19200224 0.02053562 0.63210118 0.87379499 -1.39536191 1.10954885 0.00149468 -84.27258558322897 -520.9644203833819 -0.3745383554896602
2.695023914576443e-265 602.7526228026218 0.12326227 0.02162403 0.77522548 0.88088245 -0.45633459 -0.74047565 -0.00866429 -36.727564670460154 -562.5114151838336 -5.206453491800888
5.258778944604422e-265 602.4735642310883 0.36955504 0.02331234 0.55850765 0.93609953 -0.66905536 0.946687 -0.00111163 -79.5143698338601 -522.8677530951315 -0.37049987363010245
6.222166830257939e-265 602.3886073166532 0.15533712 0.02448331 0.7006528 0.53834899 -1.02473346 -0.87305101 0.00566825 -25.30933489193428 -573.2177437168634 -3.946485622290588
6.67394933588927e-265 602.3226843770394 0.20311821 0.0245892 0.45275911 0.96041841 -0.76856909 -1.27599431 -0.00733636 -9.48688221572648 -578.563645335417 -14.338079765509583
7.412984757951351e-265 602.1730924578422 0.24491197 0.02115052 0.46362349 0.52997772 -1.52079545 0.31506414 -0.01676011 -61.61115311158872 -525.1142404055256 -15.597290859925124
8.894260002537756e-265 601.9546768491529 2.07253977e-01 2.21301796e-02 7.54329373e-01 9.22541282e-01 -8.72374398e-01 -1.76754752e+00 3.16810446e-04 -21.79535082723 -578.5913436667794 -1.7863979638329102
1.3429195797857295e-264 601.4024529999225 0.39451046 0.02000961 0.51636991 0.73641196 -0.65474206 0.76234646 0.00534989 -56.26314257654292 -545.6628491472361 -0.02868512537385932
2.0510503315968895e-264 601.0528096504627 0.4139169 0.02404328 0.5024753 0.68921253 -0.66226208 0.69599904 0.00491364 -16.094203221251075 -575.7579884306051 -9.550261348066345
3.916046249868173e-264 600.2323705889122 0.25624802 0.02365566 0.55446161 0.74424293 -1.32033515 -1.45512847 -0.01042604 -14.534614076711424 -576.8451129226894 -9.673082651061815
2.171362287064453e-263 598.2827905259813 0.33847237 0.02316638 0.78673162 0.51601787 -1.90450907 1.48513726 0.00277854 -15.90986077238118 -578.0006824991987 -6.32182731733239
5.57006775318697e-263 597.6175216159143 0.40953861 0.02418539 0.74808254 0.88836545 -0.40284628 -1.03388349 0.00179888 -56.29722600132068 -538.8802231192416 -3.1053414054189874
1.7074873556290303e-262 596.3187633190906 0.14147977 0.02490545 0.6587906 0.97646385 -1.22599143 1.03630552 0.01646975 -13.59583516308487 -572.9420709146368 -11.07961553819257
3.0552100067210667e-262 596.064945539198 0.43965204 0.02236557 0.78903691 0.69321974 -1.91239698 1.25006945 0.01485917 -22.127176022613053 -554.5181550957045 -19.673432200773075
3.727508007405819e-262 595.9016048909522 0.33484453 0.02299009 0.4094611 0.85675316 -1.6113626 -0.748355 0.00835982 -78.97611164873639 -516.8066572467355 -0.28217664372607765
7.023446361475376e-262 594.984548630528 0.42174319 0.0217442 0.87527608 0.76838022 -0.63733722 0.58890959 -0.01166301 -54.10141436165624 -539.5764939901989 -2.2236965390971144
1.2292750234362538e-261 594.6047049885392 0.27136354 0.02082072 0.67344287 0.52010067 -1.37082089 -1.58003751 -0.01667823 -15.028648339132983 -579.7761660615355 -0.17973422985960505
1.6163989568287927e-261 594.4014736076024 0.39596236 0.02359555 0.44217009 0.94307275 -0.99905188 1.67891943 -0.01801278 -12.564777471391533 -578.6413794573357 -3.3985480598119704
2.230409970466424e-261 593.9837602847823 0.13133785 0.02162057 0.42443385 0.81664312 -1.31615355 1.64741592 0.0123748 -44.05386973603217 -544.4819277117031 -5.86567615986712
3.2328121405074243e-261 593.6359489186236 0.47022576 0.02174865 0.47463635 0.57577635 -0.35381505 -1.47448387 -0.00783654 -34.78865159283541 -558.8181066375216 -0.3770020544252454
5.829395877586363e-261 592.8978019581383 0.18156553 0.02129387 0.71151054 0.72155389 -1.41342842 1.95234913 -0.00967933 -8.669460004985487 -584.7924997648545 -0.1739891487836956
9.017526143366582e-261 592.6371648966453 0.22682111 0.02088244 0.56643302 0.69343238 -1.33055194 -0.35951836 -0.01839255 -43.39338487405736 -548.258509715332 -1.2459073687488753
1.2049021852995564e-260 592.3168123795504 0.46837854 0.02036172 0.68573053 0.91099841 -0.80862092 0.64563424 0.0030149 -11.78239816931239 -577.7970291690679 -3.0577375582650697
1.4056581396909758e-260 592.2935630133785 0.49049568 0.02217532 0.89330368 0.55881681 -0.59873271 -0.11195331 -0.0089869 -19.740353413805153 -566.0786057565275 -6.4978532092177135
1.6449355439339635e-260 592.0120573004135 0.47316701 0.02337389 0.61854235 0.93614952 -0.73150897 0.36584149 0.01396863 -7.739776971038375 -584.4967842999756 -0.05700174236444254
2.1439083295692218e-260 591.7509757757712 0.13665223 0.02018295 0.8607786 0.59877446 -0.32279035 -0.09711093 -0.01313465 -15.216637925019837 -572.464120345786 -4.331299029607673
4.13975324873803e-260 590.8609174530882 0.14204883 0.0238142 0.73030251 0.50991746 -1.06489653 -0.22648294 -0.01317443 -8.030503579816248 -575.7461419013533 -7.974330294601627
6.19451741761619e-260 590.7463822763347 0.45111224 0.02235833 0.66466571 0.78739072 -0.49498524 -0.38832845 -0.00960467 -6.86423585885894 -576.3899761441552 -7.606705450074035
1.2871096129307603e-259 589.664429791728 0.45457478 0.02497968 0.59685624 0.96008514 -1.33802014 0.93208351 0.01399607 -6.093087770885926 -584.3828145940295 -0.2704799114191628
1.9602327196973096e-259 589.6162547771772 0.45513184 0.02036004 0.41728814 0.57986861 -1.95695894 1.65963835 0.00258371 -44.94164963118461 -524.0240681909714 -20.69871196957189
2.0713196199240974e-259 589.5449017003207 1.07743124e-01 2.06537635e-02 5.35480026e-01 6.72522726e-01 -4.63723911e-01 -8.98820885e-01 -6.99103610e-04 -65.65652600137996 -517.4486915650391 -6.511037210758257
2.1582765216411758e-259 589.5228801932396 0.47784068 0.02306419 0.72951517 0.70761625 -1.1942537 1.98646115 -0.00323162 -64.04459985689076 -521.0896159234449 -4.410685919985058
2.3912008714512796e-259 589.3383360629232 0.29554625 0.02308637 0.78673055 0.77945971 -0.42659338 -1.61432543 -0.01595848 -37.21616230262058 -549.7303270371754 -2.5763908534437543
2.662182030580904e-259 589.2902795280013 0.29549217 0.02434169 0.48143263 0.50589638 -1.43863283 -1.41946978 -0.00857751 -54.833698391621475 -531.817646657717 -2.686991013584734
2.728469117948301e-259 589.2786284336513 0.43382993 0.02000278 0.7701348 0.9208142 -0.82569389 0.80689615 0.00962453 -14.921736166635535 -561.6316570753753 -12.736886285990389
4.0608376707115216e-259 588.5984657321306 0.10487791 0.02331951 0.63818551 0.8967434 -1.08955513 0.31023501 0.0123194 -21.0539091202671 -558.6094748386943 -9.615244474689932
7.689175821866419e-259 587.9741978102351 0.28460621 0.02420681 0.54614445 0.89408167 -1.47135299 0.91131272 0.00424281 -7.885518037460441 -576.7226004338406 -3.9903472608295782
1.2041008743507343e-258 587.6257905520172 0.41720074 0.02118864 0.65480854 0.87623613 -1.07553931 1.79955526 0.00899112 -46.05124606134648 -530.6230495835259 -11.299902165362676
1.4593036960938115e-258 587.5509745621515 0.24241978 0.02288351 0.53204333 0.78038254 -1.49476708 1.3992794 0.0182481 -41.69420405311446 -544.2984160565761 -1.6331704423265796
1.5741777698827174e-258 587.4647281066152 0.29131013 0.02479429 0.47232524 0.6629496 -0.43800739 -0.3601636 0.01799402 -46.31443184546242 -539.4745986616088 -1.7619440550803882
2.1670564540312893e-258 586.96231825432 0.22655292 0.02204884 0.7984706 0.58380286 -1.35570512 -0.55726471 0.01164135 -8.686808577859143 -560.5910460709351 -18.186873457820937
2.7681007780397465e-258 586.9035808868261 0.2072556 0.02442905 0.76179232 0.63323446 -0.97063902 -1.41529014 -0.01905526 -10.818086646881408 -576.1422657056471 -0.001965901791598892
3.2292034552989697e-258 586.6583319017816 0.10155086 0.0219871 0.74449539 0.7613746 -1.21018108 1.17933134 0.0185586 -16.769811789842002 -556.4203397024472 -13.7134293945369
4.0205758603595784e-258 586.4509589615025 0.30333146 0.02259616 0.70584854 0.53364656 -0.3171114 -0.86714695 -0.0059489 -18.663214380109956 -567.9925592530008 -0.002558268670926989
5.19733215978863e-258 586.1471685109357 4.33820012e-01 2.43535564e-02 6.28370860e-01 8.03559832e-01 -1.64613371e+00 -1.27827614e+00 -1.02357696e-03 -13.042870459999468 -572.6236867246795 -0.7844017768235098
8.509579200817931e-258 585.5266582831774 0.38835812 0.02441105 0.62103703 0.92287103 -0.5264428 -1.91681657 0.01594156 -55.99037751800221 -517.2893870119435 -12.867403980989943
1.1497431022771099e-257 585.4423549335344 0.26206212 0.02204045 0.57325803 0.55789821 -1.62122089 1.55864111 0.00697632 -37.51362415559715 -534.5037554026649 -13.509278724915413
1.197281639745946e-257 585.4338945392537 0.47360177 0.02414007 0.5491029 0.64003152 -1.72675881 1.62959304 -0.01031408 -39.629652489124354 -545.8117138670558 -0.0009885773541358743
1.2765227485163881e-257 585.3081406787787 0.36709619 0.02496721 0.54372937 0.61608309 -1.67553783 0.5352751 0.00231078 -55.661022353583704 -519.1521001157969 -10.620772069873214
2.548824293626527e-257 584.2870474661015 0.46515864 0.02264333 0.81333016 0.62415752 -0.53612588 -0.57351732 0.01774746 -41.896910309495574 -522.8865662118217 -20.524664157461515
5.454473284569353e-257 583.6319249257612 0.40588806 0.02035455 0.83960894 0.69984176 -1.69063738 1.7252615 0.00773653 -6.024792384272102 -577.344143554727 -0.9181115271024136
1.0901282685326728e-256 582.9132049766794 0.37999633 0.02275318 0.47739775 0.85555086 -1.59696124 0.88481515 -0.013192 -61.59557945463898 -515.4821593752422 -6.55418609588005
1.5680478770563642e-256 582.7733138607574 0.43088189 0.02403787 0.61671567 0.76196775 -0.77773564 0.62333815 -0.01333035 -64.05445032052438 -517.588560790734 -1.2701938654209906
2.3292052403177948e-256 582.1906502834264 0.27109021 0.02094072 0.65308667 0.7683962 -1.32105406 -1.21950793 -0.01732742 -14.083563922285713 -559.0683421863973 -9.621407752074388
3.3534942723903936e-256 581.9635528625951 0.28055969 0.02011569 0.51996117 0.64731272 -0.53154958 0.40832961 -0.01485689 -15.985310296303139 -563.4528792335867 -2.7524607535365075
4.0305787025422264e-256 581.8061804510936 0.25432149 0.02422356 0.59734502 0.84748425 -1.37870807 1.43210206 -0.01348965 -8.426964304911557 -564.9676431240557 -8.568945433627807
5.2350037754849104e-256 581.4551296840111 0.18734788 0.02105469 0.44270639 0.91729626 -0.73583572 -1.04223761 -0.01179718 -43.23595241708552 -527.0965623837507 -11.473665650257468
6.36246427267453e-256 581.3769830543508 0.273957 0.02005138 0.7884866 0.75834824 -1.48843375 1.66561645 0.01983802 -56.867970984696626 -522.3853183431954 -2.2018403561190483
6.746984659215178e-256 581.3268955467166 0.4492582 0.02010253 0.89532214 0.59960107 -0.63318902 -0.18338655 -0.01235004 -48.16763374799412 -524.0518657647051 -9.157483541651613
7.582494559290154e-256 581.1414710154288 0.39514716 0.02458878 0.70365918 0.51734783 -0.54985682 -0.45743963 -0.00430238 -6.589369640664407 -566.0496778042916 -8.687848101760627
1.6118232864661268e-255 580.0729342277234 0.47747075 0.02301408 0.55996364 0.73242474 -1.73704913 0.47909657 0.00286031 -6.320697518259767 -559.228604240357 -15.592169256812138
2.523231505208991e-255 579.9652309422058 0.37843395 0.02103055 0.43845037 0.54652339 -0.62998438 0.50563754 -0.01885419 -60.47269228563316 -517.2651648164714 -2.3350771256189202
3.272736521527083e-255 579.5772810697864 0.1740016 0.02029349 0.86112533 0.78147322 -0.78835443 -1.15666491 0.00885599 -9.614254979477671 -568.0376265903251 -2.3133493724031187
4.0001063724292517e-255 579.5173714312674 0.17449763 0.02047417 0.82476163 0.66304289 -0.3523079 -0.29309189 0.01622269 -40.558679604896 -531.9750571348959 -7.043544329994438
4.2487924936021243e-255 579.4470182288103 1.93339571e-01 2.23811148e-02 6.20629572e-01 8.21789799e-01 -8.29109657e-01 -1.37985432e+00 -4.02617787e-04 -11.711194201717928 -562.1597034526586 -5.646473776890897
7.3559438683352205e-255 578.5876312006901 0.36348985 0.02411452 0.7519695 0.9894504 -1.49518131 -0.68527136 0.01588837 -42.641715594955926 -536.4971649337017 -0.30813770015269015
1.6238626350837824e-254 577.8184548787724 0.35429945 0.02172928 0.66924156 0.85441457 -1.51599902 -1.16246394 -0.01801163 -47.3012341067484 -520.920061844251 -10.366335249690733
2.8562493102774305e-254 577.3566923733952 0.2424653 0.02060241 0.61549993 0.88466102 -0.95857536 -1.73201498 -0.0069407 -42.766085228078516 -534.852660421924 -0.1997092287698665
3.5023007175585505e-254 577.3478386733825 0.29747824 0.02169646 0.45574747 0.93601413 -1.4527746 1.45383027 0.0165014 -32.61064610182407 -539.9975804738554 -4.7484657977157845
4.509346480218151e-254 576.8926021870136 0.46750998 0.02158505 0.81204083 0.66143385 -1.19177373 1.83734288 -0.00798929 -58.066526821887464 -519.0339701951024 -0.24734165639263192
5.789046189178672e-254 576.7895195424688 0.32368831 0.02022887 0.49007669 0.64497925 -0.59270999 0.42265588 -0.01478576 -32.04640420990221 -544.3991786622239 -0.44701931488748403
7.090091499902986e-254 576.495975492769 0.49342862 0.02061539 0.64765834 0.71866211 -1.40159795 1.44429432 -0.01948552 -8.536544997404201 -560.6722862626299 -7.5806882824346875
1.1014308241973689e-253 575.9505529400204 0.36252332 0.02474852 0.4998419 0.80261446 -0.88109652 1.05565909 0.00492227 -41.14111808960069 -530.6929540938614 -4.6619033093069016
1.7691781686845103e-253 575.5123492334933 0.36258152 0.02482214 0.63070751 0.84658353 -1.48441672 0.11288964 0.00251939 -18.706916376125726 -539.65187395696 -17.5917626069347
2.185777492211376e-253 575.4704768316788 0.34370646 0.02109073 0.758938 0.84934489 -1.56205434 0.49221014 0.00831922 -38.83988647218871 -518.1186482490644 -18.553814512240116
3.082756214491198e-253 574.8957082277983 0.35540607 0.02353819 0.57985182 0.59316118 -0.57208617 0.11914265 0.01092681 -50.88417008835309 -522.5457919887618 -2.040514754563732
4.100075767357657e-253 574.810477198592 0.27557644 0.02115594 0.61123407 0.58563228 -1.54540366 0.69077442 0.00766474 -6.927362577862739 -562.5219856143966 -5.446360035539005
4.493786602249542e-253 574.7034020474733 2.77866403e-01 2.38618251e-02 4.25280107e-01 9.40999729e-01 -1.18994837e+00 -1.73425044e+00 1.68883205e-03 -28.388152761129305 -544.6581490044148 -1.7641754330479706
6.529777063192901e-253 574.131077901558 0.37640633 0.02047801 0.66331572 0.88692786 -1.56180899 -0.49483532 0.01974792 -20.486468573527493 -546.2010553755399 -8.015878098405846
1.0058106499022911e-252 573.7793839031217 0.18526778 0.02112593 0.82063816 0.5288695 -0.3794057 -1.41201786 0.01087276 -49.22389281314395 -519.2887204301401 -5.618464658273983
1.3566161388450296e-252 573.510023616446 0.13996686 0.02098995 0.77562075 0.53312677 -0.67891012 -1.30222298 -0.00362632 -43.77055597587679 -528.1199717968674 -1.8888561303775153
4.021811411617284e-252 572.06186019527 0.47004964 0.02006127 0.46110613 0.7679956 -0.60473055 -1.24645217 -0.0023715 -36.025037922892466 -534.9778731497738 -2.50711254377972
6.580345930672114e-252 572.0315548813229 0.20067559 0.02172247 0.65038246 0.89252227 -1.30102704 0.39809375 0.01609 -8.34669628914309 -554.6493785221331 -9.065785383993784
7.248264108573551e-252 571.8652153852767 0.47242922 0.022571 0.68281006 0.89054438 -1.57831427 -1.20679236 0.00886417 -15.643366272804302 -556.1790117840101 -0.20917682450851088
8.290279804811054e-252 571.7493797250296 0.22146621 0.02337172 0.87357984 0.77777012 -0.88038883 -1.68841449 0.01529457 -55.67685063157117 -515.4709778491502 -0.7173869045552771
1.0640288067812148e-251 571.385653494739 0.38793613 0.02404925 0.74070028 0.72806017 -0.50635548 -1.81931994 -0.01159099 -32.17667562410069 -535.2552614184435 -4.317442682485457
1.530199377440811e-251 571.0141475721772 4.48639647e-01 2.11433064e-02 7.82104797e-01 7.54183558e-01 -1.05683072e+00 1.24283530e+00 -1.08002483e-03 -25.667841726142566 -535.9875150381563 -9.73029673044014
1.8057653718203118e-251 571.0102017741905 3.61788227e-01 2.48925596e-02 4.92442924e-01 8.39812875e-01 -1.24380509e+00 1.40420870e+00 -3.28619037e-05 -25.957314031871913 -543.2406906094343 -1.8161429308710446
2.1925986810734087e-251 570.6484940995844 2.51553904e-01 2.40091910e-02 7.40538881e-01 6.05023963e-01 -1.44338534e+00 1.80100326e+00 5.37036145e-04 -35.17012851629689 -516.3419671598737 -19.49810609801992
4.0805565842925496e-251 569.8723635104432 0.45934461 0.02399529 0.75366874 0.85699206 -0.59941491 -1.84589397 0.01007691 -34.18594682874131 -527.1126402373709 -9.349907033472205
5.849713769684873e-251 569.7736741997281 0.34946824 0.02043627 0.81774853 0.610813 -1.59076443 -0.95185896 0.00770958 -16.307775113411 -544.3448987059511 -9.21968969108101
6.800215671499155e-251 569.5692595294987 0.16161941 0.02199066 0.44625073 0.72947339 -1.28769387 1.76346146 -0.01158727 -30.12805004071471 -533.7188764770044 -5.926747682008988
8.032331957712843e-251 569.4253992753949 0.2749517 0.02097207 0.40398255 0.84480674 -1.32221293 -1.14043489 0.0107646 -30.811586171733843 -538.7556387187867 -0.0020346389780513006
9.614978539278563e-251 569.2063880385717 0.46011323 0.02225046 0.49968217 0.95559929 -0.58151436 -0.98370188 0.01207334 -17.040452968661313 -549.7900339066599 -2.5949124000736994
1.0813525908591152e-250 569.1688575110585 0.3302306 0.02044249 0.55948837 0.8822693 -1.31884367 1.79385035 0.00581646 -8.48823337505491 -560.5926559670339 -0.1254986964828595
1.170522057632164e-250 569.0416304069372 0.40128207 0.02309625 0.45678209 0.55782079 -0.40774909 -1.97271695 -0.00639959 -48.90882440301479 -514.3797281065732 -5.880305001470432
1.4311656858986348e-250 568.7710125335078 0.32723768 0.02222623 0.72860474 0.98689977 -1.34624068 -1.88340835 0.00409838 -17.97369604405223 -548.3309147634052 -2.737019599479824
1.6744190674389175e-250 568.7006846540604 0.37472848 0.02149931 0.71758116 0.65807976 -0.54696492 -0.19740433 -0.00491981 -32.05356069193852 -536.6169530354507 -0.10049880611860591
2.0993256615838498e-250 568.339872693835 0.39513568 0.02153646 0.7548642 0.85200921 -1.33505739 1.72070025 0.00859674 -6.210129510999062 -561.8499233705465 -0.6406317725148067
3.2072029951695586e-250 567.8663192711812 0.37839612 0.02023213 0.67420404 0.77083409 -1.51127633 -0.85550375 -0.01985223 -48.115218810966695 -519.6721780252021 -0.5524758576661911
4.3234206474684787e-250 567.6852413008146 0.2171732 0.02483299 0.54013045 0.66710705 -0.53917527 -0.78296899 0.00158166 -36.24504956630491 -524.0681687923908 -7.553100912485411
4.781647595357376e-250 567.647046215467 0.29591114 0.02393807 0.8073806 0.52330062 -1.45156368 -0.46683369 0.00406079 -26.717671509858558 -522.2697758066164 -18.69779398433972
5.1921839202428714e-250 567.5145487512514 0.33317883 0.02422585 0.43190969 0.58862269 -0.80391167 1.00906465 0.01649669 -15.822088047061861 -543.1317107465409 -8.693247421864289
7.353826151115244e-250 567.0016184844566 3.01497176e-01 2.21567151e-02 8.58297428e-01 8.61186442e-01 -1.41760244e+00 1.45373732e+00 -6.29084766e-04 -12.59884495872836 -543.4181423399708 -11.497561452552134
9.350813230625769e-250 566.9594669562982 0.43934635 0.02047521 0.44984805 0.64880611 -0.6750445 -0.38404295 0.0160308 -48.87607070248187 -518.0813818904215 -0.04416589155313038
9.720159910508956e-250 566.9142332176975 0.31517836 0.02448283 0.47563556 0.69630825 -1.34597555 1.9279795 -0.01240949 -6.08381304585107 -555.2367933518163 -5.638860558630787
1.0065164442094616e-249 566.879524892083 0.37440677 0.02220933 0.51225464 0.96884427 -0.89124626 1.0799648 0.01451344 -38.244889368773244 -514.3367851945451 -14.332558654379248
1.1827718019823893e-249 566.6006116844377 0.43979469 0.02202979 0.78891949 0.87339537 -1.55893007 -1.65612127 0.00870939 -24.812143008270407 -541.9826815330684 -0.08470035074424488
1.4286656516423412e-249 566.4762668418738 3.02018731e-01 2.42444847e-02 5.92586387e-01 6.52022849e-01 -8.65974971e-01 1.38302948e+00 -9.17881136e-04 -51.24269770045444 -515.3576874458757 -0.00022653810755419418
1.5506078500720376e-249 566.4236534077147 0.11701454 0.02070343 0.8692892 0.94761607 -0.85306426 -0.23269336 0.01677592 -17.970530875501076 -536.8130797872569 -11.692656179115843
1.8188349586310138e-249 566.1633883879114 0.49630455 0.02382866 0.87476256 0.58890709 -0.81459791 -0.70383922 0.01947757 -27.400056057929316 -534.9277414014438 -4.0958559483416
5.665392544130058e-249 564.6496912262696 0.33107616 0.0217334 0.8611933 0.56629848 -0.41872279 -1.23489451 -0.01902301 -7.033930566545034 -551.3996540662528 -7.729803755113587
9.389249811964592e-249 564.6180257116146 0.19099516 0.02296365 0.8027433 0.99541126 -1.23165428 0.62975814 -0.00168052 -17.740562746541322 -546.7150323134039 -0.19409616632444707
1.2664048909158516e-248 564.1059206644474 0.11984247 0.02390262 0.50341568 0.80118811 -1.05008086 0.53745282 0.00140934 -15.707114996927139 -546.8067543554273 -2.10415635926016
2.023555289199107e-248 563.6560245746138 0.47789021 0.0211576 0.68176521 0.50647555 -1.92330327 -1.92361773 0.01936289 -8.07719862114649 -547.6538399543189 -8.37488208898195
2.478567280358843e-248 563.6401784648131 0.13824879 0.02011093 0.51669533 0.95035265 -0.98397145 1.86585766 -0.01687316 -43.97482682681345 -517.9237964092264 -1.757401338573938
2.6846625719221234e-248 563.4917413336327 0.48021925 0.02136932 0.87300879 0.63066624 -1.74829758 -1.01940459 0.00504347 -40.67264913660229 -514.3556067341718 -8.611922594038921
3.1617623755505365e-248 563.3061496951555 0.39953483 0.02428295 0.71203015 0.70375606 -0.57741473 -1.57028934 -0.01074935 -46.147985703118046 -516.3433054349891 -1.0004501955255778
3.6812853672446725e-248 563.1733110252021 0.40453723 0.02245248 0.49607486 0.87029337 -1.00261896 1.14920074 0.00211268 -16.43849993550567 -534.7671523290618 -12.10049743058801
4.08060939737096e-248 563.0876322488003 0.2331781 0.02250151 0.46799888 0.58206949 -1.20799904 -0.58208601 -0.01452455 -25.91225872625039 -536.81908047752 -0.4419718214317713
4.336337701373928e-248 563.0404892445288 0.27032031 0.02470935 0.43376894 0.86102497 -1.18404572 1.56451424 -0.00887102 -6.931479344116499 -555.6083034428145 -0.5478494618692588
4.733962459737787e-248 562.9061454054876 0.44909061 0.02455435 0.49121913 0.52471802 -1.66702142 -1.71332653 -0.00317403 -32.58178212419476 -513.3683944642996 -17.090312656034385
6.259673024141543e-248 562.5068683262261 0.42262621 0.02276416 0.63862629 0.59505573 -0.51272208 -1.39897877 0.00611196 -30.553742889790204 -517.1753254953684 -15.177077020328932
7.779032418260482e-248 562.4236975628102 0.43416682 0.0215698 0.88176401 0.85949913 -0.77511807 0.22917083 -0.00408268 -9.849863474844446 -551.3484518176133 -1.3085530337684181
8.241481262486363e-248 562.3801423637838 0.47396692 0.02097015 0.41890483 0.97645472 -1.11906789 0.36641831 0.01800412 -9.848078984258956 -552.0966934569133 -0.4789251216379366
8.60366167419495e-248 562.3279145206747 0.47478715 0.02047171 0.41334075 0.61646093 -1.54624412 1.07510869 -0.00830531 -24.67155500991797 -535.1041755709631 -2.604411782902729
8.91938185945321e-248 562.2976370790467 3.49096817e-01 2.05008008e-02 4.96444581e-01 7.03447722e-01 -1.38517754e+00 1.99124157e+00 -1.64643860e-03 -36.221474115871 -520.4419641635214 -5.66447624128216
9.287818755359709e-248 562.2376554119679 0.40964452 0.02346619 0.45742143 0.73276855 -1.52543894 0.86763484 -0.01400721 -41.74845462142795 -515.0955761618031 -5.453606295815545
1.043829988752603e-247 562.0609984883371 0.49803523 0.02464157 0.54613946 0.71767347 -1.37220476 -1.18447144 0.01651622 -42.82228042654563 -514.4733601566494 -4.94201482877292
1.3308589186201947e-247 561.7570417716353 0.42090388 0.02127004 0.69725218 0.72482242 -0.97106403 0.99280029 0.01413933 -24.58507801011811 -521.2363057344941 -16.23961474372495
1.6036268123495454e-247 561.6575989852226 0.49807904 0.02293805 0.58304836 0.75348344 -1.54968462 -0.71475402 0.01238511 -18.466544986888938 -541.9614653561043 -1.329031428641942
2.0104531021965895e-247 561.320659668514 0.43974605 0.02494947 0.72045812 0.55462511 -1.46847865 0.68914848 0.01767825 -40.16727484981932 -519.4987729393933 -1.991551196009896
3.0552100009840086e-247 560.8396840682362 0.46186903 0.02490606 0.60904436 0.99842168 -1.02402861 -0.57832072 0.00293623 -24.080649281962522 -516.9616972204965 -20.27831316605499
4.492476183066947e-247 560.5094314819175 0.46329888 0.02314518 0.86216544 0.61400801 -1.66397938 0.67294433 0.00200864 -13.690219528147672 -527.4676611904358 -19.681803349652846
5.895464536360799e-247 560.2729545973187 0.48849226 0.0200343 0.58461116 0.81145273 -1.39088596 -0.57764795 -0.01602532 -40.88345059070592 -516.634428124728 -2.9915527664836827
7.125012449455475e-247 560.1130387137788 0.11890905 0.02390134 0.64798076 0.56645119 -1.0688972 0.80594636 -0.00398724 -32.22425137064889 -518.7316238191092 -9.317079407560636
1.0255185526035441e-246 559.5946832784617 0.44630248 0.02183015 0.73449764 0.80699929 -1.55923945 -0.51758303 0.00799868 -9.232000034256695 -542.5175274204968 -8.363511259025344
1.3633436495667304e-246 559.470969496597 0.25969205 0.02419301 0.74160351 0.5262873 -0.72156842 0.89904191 -0.00468762 -44.9285966086929 -514.5809177177349 -0.08516895203392881
1.5269644871098342e-246 559.3574227990639 0.37458267 0.02376595 0.84616414 0.77732333 -1.48485238 -0.06479894 -0.00645542 -9.831553619994716 -538.4815966871016 -11.157819189500703
1.7454990868823568e-246 559.1967059581075 2.02764275e-01 2.39785693e-02 8.70941988e-01 8.26586835e-01 -8.76254446e-01 1.58093470e+00 1.44005293e-04 -34.33684053256011 -517.817490305789 -7.203091960714823
2.58334743634269e-246 558.634818589391 3.50651221e-01 2.22046872e-02 8.26027771e-01 8.25613012e-01 -1.46505326e+00 -8.27066419e-01 3.45685784e-04 -25.985600095384463 -524.1468488274257 -9.064257035297219
3.4188134810948284e-246 558.5501932305634 0.33175603 0.02338407 0.74111474 0.59794184 -0.48844494 -1.44219103 -0.01020994 -32.3121597167691 -526.2420602170446 -0.08059865557729205
3.883308143776206e-246 558.3758548440017 0.4962941 0.02424536 0.85020316 0.76877667 -1.36386941 -1.5432829 0.01846852 -20.74744440992377 -533.4060142773291 -4.396734543310596
4.2244812576246323e-246 558.3642448419263 0.1592775 0.02216574 0.62377701 0.88687343 -0.44126113 -0.17738275 0.0184463 -26.575711132241096 -520.0983260129402 -11.701817698820324
4.495769723706227e-246 558.2449225664126 0.24321751 0.02373953 0.50075046 0.50545108 -0.49543438 -1.67926824 -0.00891984 -16.14637160006921 -542.1676813355048 -0.05019190635231387
4.773245675417098e-246 558.230981772471 0.47423097 0.02263576 0.89067083 0.99620709 -0.90304934 -0.08159636 0.00773814 -31.421698402320114 -519.8365356048629 -6.98668855922965
4.799204419779808e-246 558.2240635633505 0.30567923 0.02467324 0.6492366 0.69809267 -0.69523475 -1.7854513 0.01066179 -12.496327670483067 -544.838728320666 -0.895925781321921
4.807662493682477e-246 558.2174838678466 0.11463584 0.0203824 0.60883848 0.56365657 -0.43175953 -0.44495069 0.01335635 -26.812057956111204 -514.7775579255768 -16.63444768166248
4.80691929538245e-246 558.2143892477264 0.17709467 0.02461209 0.66730316 0.64977417 -0.80438378 1.41139941 0.00490201 -21.556725802005115 -530.3239880541939 -6.336770011647607
5.029060946287538e-246 558.119407188667 0.39353786 0.02441104 0.42854285 0.79965812 -1.40288167 -1.50342676 0.00281933 -16.073746140927327 -526.2641172433592 -15.876525863439845
5.770935969917997e-246 557.9354094818543 0.30622775 0.02249552 0.53177017 0.62667953 -0.86326798 1.4285737 0.00671193 -27.44146127478512 -517.1687700776388 -13.50917583624313
7.387016300664415e-246 557.6303731421308 0.26785788 0.02207653 0.80231236 0.7189478 -1.10728411 -1.68695056 -0.00772751 -17.967628282858033 -539.433474332894 -0.5343068661022728
8.747568345042996e-246 557.5652195888471 0.27750936 0.02236466 0.88280845 0.87537573 -1.34233767 -0.09573951 -0.00756894 -13.565026407699438 -544.057795931453 -0.0075508029783676375
1.0392499196330145e-245 557.2931663472914 0.32358969 0.02152434 0.66925809 0.51015988 -1.62104681 1.5220505 0.0099484 -19.50061589697567 -537.7839002431048 -0.2807034487666517
1.1771251900158913e-245 557.2876537143067 0.48795885 0.02050222 0.46782341 0.76074708 -1.38217963 0.04539175 -0.01814447 -33.5873312354327 -523.1253148028981 -0.5805203089606304
1.3126611545362395e-245 557.076361458997 0.47765412 0.02476625 0.87872704 0.51231019 -0.90620495 -1.09407255 -0.00588031 -30.680964872186774 -521.1632391613107 -5.443449680809191
1.611788057678008e-245 556.8669103494769 0.48010763 0.02213147 0.63387604 0.56631611 -1.7611464 -0.60546545 0.00235416 -6.823762241674304 -532.4315577428142 -17.821041474508476
1.908701889317475e-245 556.7224902599177 0.1816149 0.02373829 0.46628557 0.62064229 -0.72882562 1.26478383 0.00978861 -40.3758546600987 -516.4616949918026 -0.029360697575615078
2.053972148988544e-245 556.7050967732309 0.32325374 0.02394682 0.73514348 0.51143752 -1.46507627 -0.6080243 0.01233614 -14.483770881480396 -535.2620665934083 -6.976652785028923
2.371237286553141e-245 556.4423733816582 0.49792496 0.02471722 0.85078563 0.65636274 -0.91008164 -1.86487972 -0.01351075 -16.33453851968374 -531.5978285555337 -8.772729698013483
2.68389283506117e-245 556.4302391845634 0.44798691 0.02007133 0.83457852 0.50947554 -1.57199914 1.30211955 -0.01855779 -9.41749256707035 -529.8343911717858 -17.190489642802
2.848955060950054e-245 556.3162406654831 0.27586368 0.02183201 0.48725427 0.89795817 -1.32642038 1.19209099 -0.00693218 -30.528440025823016 -516.9289286100692 -8.97287054867131
3.761154198907782e-245 555.903715677856 0.35594821 0.02230235 0.61425189 0.96555935 -0.64991457 -1.61369113 0.01798088 -36.44424588519887 -519.7884883710846 -0.08350640919973486
5.224500747598527e-245 555.6259760804821 0.36488656 0.023176 0.66461462 0.74468621 -1.34660913 1.60761209 0.01505721 -33.37186075016546 -522.3434835426425 -0.18837138504811615
6.573066248651821e-245 555.4253235857557 0.12744432 0.02075746 0.56807079 0.59801427 -0.48734092 -0.54811755 -0.01412824 -37.02423666067944 -515.4440341087837 -3.15770531101899
7.313850917691629e-245 555.3926404992703 0.36300253 0.02441741 0.89848962 0.54397143 -1.20152756 1.67705034 -0.01016275 -29.598962506957765 -522.0597799418034 -3.766581136994495
7.56622866164007e-245 555.3477359085211 0.49038589 0.02449852 0.81387084 0.75929242 -1.00547794 -1.24045536 0.00465814 -21.651699737309254 -520.1596880031267 -13.5812527588343
1.0519008394493653e-244 554.7978444480092 0.1915817 0.02120866 0.79924723 0.98332429 -0.65298605 0.89279323 0.01371368 -10.901666688906333 -529.9302969964248 -14.515772223190092
1.431565691728221e-244 554.6520675963889 0.21719364 0.02432438 0.8674142 0.95920933 -0.61532846 -0.27117026 0.00745888 -14.017502845777798 -539.2248862818122 -1.555455320419098
3.075740328997501e-244 553.5449538722381 0.43320419 0.0210699 0.54028341 0.87253474 -0.67655074 -0.89958316 -0.00177872 -20.385655974596318 -521.718771846347 -12.547639775445539
5.460083235621885e-244 553.2274123365042 0.31606223 0.02293615 0.85796733 0.56186915 -0.57362863 -0.19640046 -0.00824646 -8.334662776200137 -543.077267210128 -2.1330238859099944
6.362888267131164e-244 553.203976401981 0.48324513 0.02124133 0.58330619 0.63964903 -0.78781034 -0.79419766 -0.01746521 -6.867826830599454 -544.3763099192802 -1.9832755866245673
6.758459125769819e-244 553.0994073342056 0.45664617 0.02360745 0.65632897 0.85550488 -1.31284775 0.00989712 0.00743613 -6.576225575545556 -545.1950259897656 -1.4327248366698566
7.087296524318178e-244 553.0962533071266 0.11862185 0.0215396 0.62259413 0.5068481 -0.86098979 -0.2340954 -0.01739266 -27.79920575084954 -519.3455865674264 -5.9546150159296225
7.074941075322694e-244 553.0929222274995 0.49353455 0.02257848 0.58529561 0.69537037 -1.37275544 0.15494086 0.0177493 -12.377189970590083 -540.1737235727697 -0.5453397637667783
8.093659104941713e-244 552.83395162251 0.33776902 0.02101323 0.78419303 0.59278606 -1.49324109 1.46893789 -0.00849551 -26.006108590013856 -526.3498136610864 -0.7369999763992472
9.48869983222583e-244 552.7499495711128 0.30903942 0.02402315 0.62078137 0.87494656 -0.72952618 -1.29058398 -0.01708168 -33.56943572791919 -516.8694549415827 -2.395060953008056
1.1041411485470109e-243 552.5310642609993 0.4748712 0.02206395 0.41795874 0.57152409 -1.70177012 -0.68923794 0.00288331 -28.725389117630833 -514.5429506770752 -9.481609776406836
1.2270526331125478e-243 552.5169757115991 0.2626612 0.0243672 0.45560194 0.51407093 -0.63783428 0.12967867 0.00348721 -36.525535321950706 -516.0009636302185 -0.004565308830191424
1.2328671537240004e-243 552.5115919717757 0.11503035 0.02174182 0.57104367 0.78695662 -0.4449463 -0.15453333 0.01282904 -6.730807069842135 -532.7678716637475 -13.018296978009417
1.2619553986925224e-243 552.460993474794 0.47604027 0.02425032 0.53877347 0.51743823 -1.57674783 -0.76032786 0.01384729 -16.781853542468223 -535.5468861800033 -0.18285224930420343
1.433949075875041e-243 552.2559315226864 0.43082113 0.0228309 0.77838299 0.58401707 -1.60625221 -1.59346639 -0.01515176 -24.336712707417277 -516.3702062154711 -11.754074551905648
1.5834374776706993e-243 552.242239281419 0.33468632 0.02270277 0.73201964 0.51255885 -1.54647066 1.31918719 -0.01912788 -31.76781475210458 -518.934343786271 -1.5537729843109027
1.6239338588087803e-243 552.1959386382099 0.46486267 0.02269066 0.71664975 0.78559388 -1.196677 0.4518055 0.01901789 -29.59050763847157 -521.5501725256028 -1.1015591173446972
1.8386283752216215e-243 551.9936085971018 0.22315565 0.02203747 0.4593153 0.79341955 -0.85810723 -1.16450823 -0.00698443 -21.77237928326028 -529.3607287775694 -1.0628305773801314
2.2573523006042623e-243 551.7770975747691 0.1594956 0.02333229 0.71378036 0.57679386 -0.82288932 -0.61996076 -0.01726189 -26.27695674853293 -525.7159307698688 -0.0007210787000860496
2.579083085517355e-243 551.7066932835157 0.32362308 0.02360563 0.80189306 0.61624096 -1.38387954 -0.86122454 0.00311759 -16.942117294750666 -530.7657195941919 -4.069260685826565
2.7342420129415076e-243 551.6498505974363 0.19286542 0.02476857 0.85245557 0.88556185 -1.09949657 0.7365353 0.00829636 -15.592684738740603 -530.1730163439612 -5.940992200814017
2.8859360918192444e-243 551.5888505210454 0.25615022 0.02211362 0.55936097 0.53872329 -1.38288541 1.13619684 -0.01014967 -10.74028044550429 -523.0583301859921 -17.85123996593996
2.990061315932462e-243 551.5681632386951 0.44831035 0.02296743 0.80761118 0.60279963 -0.6675507 -1.34350607 0.01061481 -20.579572116563334 -530.9885656873709 -0.020712717111206976
3.02797314901452e-243 551.5536221617261 0.34288148 0.02264882 0.49268279 0.89504566 -1.03732192 1.28363189 0.01688877 -7.3130378245039935 -542.1340926427549 -2.12103277143619
3.0627637399104175e-243 551.5353701317109 0.34396094 0.02038539 0.49588746 0.80391484 -1.08875223 1.30099888 0.00723772 -26.099819912675073 -524.519455008371 -0.9343472406800117
3.215737156988369e-243 551.4479939829705 0.46017686 0.02449285 0.77995829 0.86648532 -1.2259497 -1.0086497 -0.01517392 -24.42814937346492 -520.7935216191484 -6.3136991390976025
3.3421206802009583e-243 551.446389808017 0.26995295 0.02385481 0.86765606 0.71650908 -1.2383029 1.68115538 -0.01212572 -20.647280739730185 -516.3513142198008 -14.449399023439579
3.377946617339826e-243 551.4169105542816 0.21215219 0.02377551 0.61779084 0.80159598 -0.9629316 -0.73898436 0.00396362 -29.440146078752385 -514.0512880527294 -7.954955676535124
3.504624827794123e-243 551.3632853840809 0.40970575 0.02463693 0.58756139 0.85599035 -0.80787602 -0.99766657 0.01080458 -13.321211021291631 -530.8135465260109 -7.282153006978994
4.4421474895882715e-243 550.9704433843054 0.32771855 0.0246185 0.46622859 0.99019258 -0.91800108 -1.47302669 0.00650938 -8.816460339298123 -526.3646175510819 -16.182207493700787
6.275269592362674e-243 550.6496371897833 0.19690807 0.02192208 0.69050991 0.72400547 -1.22434102 0.96944805 -0.00313185 -21.788013268582848 -513.227298710653 -15.955131405069583
7.749424210592844e-243 550.5172246063636 0.47452103 0.02087546 0.61812716 0.72619868 -1.19914811 0.15739003 0.01786822 -16.383529777426503 -534.2434518381598 -0.022655574197066087
1.1379815197407543e-242 549.9470373749526 0.2066054 0.02432293 0.82313819 0.50475498 -0.81205558 1.28326096 -0.01394084 -18.48148308903506 -528.9403465893165 -3.095394928012018
1.5226136512247717e-242 549.8471954231961 0.39246475 0.02286596 0.47055077 0.78674026 -1.00168252 0.92274013 -0.01488597 -11.604914431966831 -525.8102528961892 -12.531870046796643
2.155286845978114e-242 549.310692381786 0.28382991 0.02462116 0.66189317 0.91235453 -1.17766632 -0.20602754 -0.01968135 -18.501198020107257 -529.6549562790508 -1.6910411240380718
2.788323513960814e-242 549.2519377658326 0.35221411 0.02199286 0.84346014 0.80490696 -0.64386729 -1.73770255 -0.00374821 -9.667698102379573 -523.6551679800504 -15.987826299356074
2.902239435696243e-242 549.2200247282991 0.48528294 0.0204981 0.63797036 0.63483116 -1.46507612 -0.7923518 0.00614136 -29.219001153785314 -520.0311961731895 -0.001740438857784741
3.113388339759628e-242 549.1045801506855 0.41728548 0.02314719 0.5795348 0.91989239 -1.3776445 -1.25285266 0.00203159 -25.765679875528317 -517.9813073827636 -5.473037470007211
4.0570484985116154e-242 548.7149472007858 0.32225236 0.02385221 0.77287686 0.80993566 -0.80109336 -1.87498622 0.00627678 -32.25483909727766 -513.8474571740181 -3.0022838793896747
4.868767526921021e-242 548.6922479116162 0.41804572 0.02032796 0.43049067 0.53352451 -1.5682417 -0.15647039 -0.01592363 -27.143624145009674 -513.6389512768478 -7.93237177892835
5.152015994168258e-242 548.5941534476812 0.4086365 0.02235026 0.82286082 0.68283733 -1.41120844 1.17474903 0.00209776 -26.122464656595525 -515.8046760415546 -6.765107213466128
6.773835806466786e-242 548.1759233774537 0.2481961 0.02009861 0.77922071 0.88515043 -0.70169034 -0.6529053 -0.0073408 -32.54732242474946 -515.7890981255704 -0.2577328973612568
8.157250649071668e-242 548.1690966224787 0.48862669 0.02204935 0.55456427 0.71400386 -1.4768132 -1.69074435 -0.00429346 -24.369617479411048 -515.0829021164373 -8.723403781605368
8.195726881738054e-242 548.1565644578002 0.3286804 0.02043729 0.5937756 0.76872833 -1.27495905 -1.1109788 -0.01885026 -32.029364142253065 -516.1376967181978 -0.002035762027857315
8.49405937387134e-242 548.0887243929558 0.19879617 0.02443371 0.51158974 0.94687901 -0.75004643 0.87326233 -0.01939743 -14.882041558033325 -527.3553750311837 -5.919147868583203
8.986873601638998e-242 548.0334079036561 0.39929836 0.0213742 0.89962399 0.72197803 -0.6585402 -0.76766093 0.00283263 -10.874736093138637 -523.4474916567394 -13.766496643077764
9.384707990910027e-242 547.9917844631703 0.39614514 0.02411366 0.82557422 0.56473369 -1.47637615 0.60607033 0.01717679 -7.4916602248576964 -539.5562494033502 -0.9854982754481555
1.0336376269208717e-241 547.8358934909526 0.25155409 0.02319677 0.70140352 0.68233951 -1.02822358 -1.28689124 0.00297464 -23.847386159854253 -513.786587202821 -10.357811100495063
1.1605456106110382e-241 547.7461412320114 0.1929508 0.02469585 0.62310747 0.5757243 -0.86827656 1.32105799 -0.00788178 -11.146684949855974 -533.4170077054894 -3.2722008356072583
1.4159956944187529e-241 547.4481394095669 0.30757458 0.02483725 0.7829609 0.85293497 -1.21562187 -0.14182882 0.01418891 -12.25694635443146 -518.5701275255204 -16.91906735205952
1.7121107567768054e-241 547.3373268020571 0.16891447 0.02494936 0.86684645 0.69210951 -0.92547438 0.26694385 -0.00401753 -11.778054499559333 -516.91563180898 -18.754453101027554
1.9315554306467935e-241 547.1986993276034 0.27762524 0.02155894 0.71474314 0.50686304 -1.38236844 0.85134814 -0.01754378 -7.309153263656458 -519.7512970176388 -20.276876520761874
2.5156413482341485e-241 546.8282589470342 0.43732055 0.02144009 0.73713928 0.63108302 -1.48700666 0.6965095 0.00799898 -17.475857337720395 -529.220539988912 -0.5023020009709811
3.013686155325726e-241 546.7936393489556 0.49917155 0.02248609 0.40874184 0.6257035 -1.49045813 -0.95942688 0.00498548 -30.00702613515237 -516.0265807908826 -0.7946520209992891
3.1205471681809715e-241 546.7487981020067 0.35665741 0.02015096 0.66495991 0.5023833 -1.48757311 0.5905348 -0.00176385 -27.002670507080772 -519.2776426020903 -0.5133262397845495
3.1825268139469064e-241 546.7438335533919 0.34977588 0.02305091 0.40802357 0.54492505 -0.75257045 0.28138922 0.00568285 -21.11475664182275 -517.3795190141448 -8.254522446039179
3.2241615274974435e-241 546.7130587242465 0.41757718 0.02417377 0.52197604 0.53824977 -0.84648738 -0.46923346 -0.00670173 -7.061899764275735 -537.170665042705 -2.511268746411192
3.323290586585216e-241 546.6734489007949 0.46573554 0.0221449 0.77854403 0.71947033 -0.91900139 -0.31747593 0.00559557 -6.128645240533775 -529.6233693949977 -10.961044088715127
3.544170051754233e-241 546.5763503739968 0.46961664 0.02017046 0.62750944 0.58322795 -1.04233817 -0.405097 -0.00328675 -8.589231198814442 -538.0473585806443 -0.036859121336142456
3.7830173367190646e-241 546.5311916683181 0.34215291 0.02498547 0.6292634 0.78066482 -0.93123678 0.13434303 0.01927346 -9.374778813012156 -529.1184074022593 -8.083164158725266
3.9153326060186e-241 546.4973943497411 0.40605643 0.02209632 0.47221858 0.88142753 -1.3998538 -0.80351853 -0.00995744 -6.921389382137041 -518.8299887733464 -20.779813512834753
4.17458728480259e-241 546.3953050273246 4.38319528e-01 2.41223093e-02 6.03915979e-01 7.47685964e-01 -1.23103081e+00 -2.60936097e-02 -2.69177185e-04 -31.938172704624577 -514.5454578960118 -0.013763749104660085
4.4676377719881484e-241 546.3496473372477 0.23479425 0.02076117 0.6672411 0.98565445 -1.13289604 -0.23434878 -0.01436165 -17.862031533277513 -518.0897378036361 -10.44353569041093
4.7306614919101345e-241 546.2719087997228 0.17618499 0.0244989 0.79609205 0.50826996 -0.70048171 -0.63156248 0.01464009 -7.196605620643894 -535.4085616577763 -3.7444800588274716
5.004873230584825e-241 546.2259947122818 0.36637968 0.02075378 0.86862477 0.54130963 -0.60193859 -1.13232641 0.00217392 -15.627952031755763 -516.1237445498575 -14.520212218109586
5.286841845538281e-241 546.1531163009436 0.30625169 0.02199914 0.60410151 0.66061762 -1.31607555 -0.97798719 0.00248231 -9.571450999126116 -532.865971283758 -3.788572429397722
6.571758076961523e-241 545.809026094537 0.33725345 0.02413759 0.81861046 0.68297916 -1.15732116 1.1731059 0.00670398 -12.92149543947416 -533.2305930849662 -0.0010277765031945067
8.4460628072899e-241 545.6207019913826 0.15375665 0.02102251 0.71163286 0.71624283 -0.76961823 -0.40526696 -0.01572652 -19.689469952321943 -515.5236176082534 -10.595938533961604
1.0152286746588249e-240 545.4311678165594 0.49605516 0.02279902 0.44502519 0.50136966 -0.88454992 -1.52318027 0.01746407 -22.396307608176443 -520.8732756965455 -2.3511186866606177
1.2762743068687022e-240 545.1621370881381 0.30107849 0.0216107 0.79898001 0.89086019 -0.71803711 0.49949881 -0.00197759 -6.968756273620225 -537.0283861070761 -1.434025435863111
1.526122267001069e-240 545.0487928357259 0.48275327 0.02293575 0.58567267 0.89597131 -0.88269659 -1.65567041 -0.00178015 -8.289887875509159 -536.4763922430111 -0.3958569696178831
1.7196217336672778e-240 544.9146955639677 0.46886709 0.02467693 0.67175407 0.52853076 -1.0398643 -1.60034404 -0.01591515 -12.560145652203005 -530.5070651267283 -1.981582056794593
2.025178500572488e-240 544.7169759766176 4.47017809e-01 2.26329612e-02 8.24798195e-01 5.36490274e-01 -6.68123300e-01 -1.75857851e+00 7.77857353e-04 -8.377424015823355 -519.8565715119262 -16.680700036218113
2.272775251680649e-240 544.6649520121708 0.34093028 0.02453213 0.83711588 0.55434563 -0.73738368 -0.66623216 0.0058346 -8.218329551961268 -535.6108357525609 -0.8878106720954748
2.3687243241122028e-240 544.6240429301846 0.45781768 0.0223145 0.60551231 0.77722885 -1.4207281 -1.25039386 0.00297219 -7.118303266428171 -522.6345762355427 -14.912072510199966
2.426942429583882e-240 544.6060779436056 0.23863883 0.02218081 0.48047524 0.87976684 -1.19075974 0.0764786 -0.0193478 -29.88550916214977 -514.5335985313772 -0.2049352366576626
2.628719069593091e-240 544.4596161860809 0.3346962 0.02327815 0.50136032 0.64212718 -0.61730134 -1.46610039 -0.0080966 -8.832625869048755 -535.7123434044074 -0.06110867014938442
2.8401834539427454e-240 544.4361387501067 0.40283196 0.0215006 0.40992044 0.51344436 -0.98229837 0.75658317 0.00684692 -19.081785669444205 -521.6374306441821 -3.740399872454492
2.9560139926068187e-240 544.3706297925071 0.23186568 0.02260738 0.50048643 0.60069973 -0.8695986 -1.45568219 0.01255125 -11.278260971696827 -532.5204152290095 -0.6374625494004164
3.4267244190550056e-240 544.1425426656981 0.17566942 0.02150078 0.63541267 0.81048084 -0.5346757 0.1421576 -0.01422329 -16.845933059298552 -526.7094404304421 -0.8152563027664895
4.0843685616087183e-240 544.0015199727663 0.3517788 0.02149823 0.80221947 0.76478728 -0.96724654 0.972711 0.01320816 -7.962138372707828 -535.5433680341654 -0.637036258824823
5.123601974429042e-240 543.6972717594955 0.28992866 0.02174572 0.88771622 0.61626493 -1.08897959 -1.72191841 -0.00994312 -16.084448378619413 -527.2737746165427 -0.6432969776042207
6.096186352879769e-240 543.6222858765489 0.40836348 0.02411619 0.74002619 0.59916886 -1.40556629 -1.62346865 0.01753866 -10.62799620618897 -532.8915161106613 -0.17775944264518984
6.354576090783679e-240 543.6029610261041 0.21725377 0.02385029 0.41328101 0.59716877 -0.61902365 -0.64142392 -0.01729255 -18.48470790380486 -514.7547296456826 -10.382848327061396
6.603259162783452e-240 543.5365437590066 0.43340242 0.02293367 0.61713946 0.88203672 -0.76407974 -1.60787026 -0.00205122 -18.59233938402272 -517.0948387730404 -7.915782869041103
7.069022292575772e-240 543.4571414192598 0.37636028 0.02365811 0.59107458 0.52135146 -1.33915373 1.41052079 0.00992886 -14.521570994387265 -527.0424163641661 -1.9725564004531833
8.468609364217437e-240 543.1825023360393 0.28840237 0.02347507 0.49507909 0.99208092 -0.67277495 -0.41315129 0.01898541 -21.597980657318587 -515.5184044812535 -6.340756280687724
9.984335881648303e-240 543.1007372783625 0.4315552 0.02363895 0.49497613 0.54259946 -1.49169705 0.10124224 0.00794307 -14.26144364096213 -523.9181700285574 -5.002888666519751
1.0749950880916834e-239 543.0245400269184 0.27936053 0.02478977 0.76664457 0.67120485 -1.03932275 -0.59433757 -0.00669299 -22.527082028285427 -514.3803819250023 -6.1932733250747924
1.129200486695953e-239 542.9912013823957 0.43714185 0.02015106 0.71544243 0.76985112 -1.26211808 -0.30571201 -0.00709573 -6.596793934984562 -518.300078617058 -18.12766747487576
1.1791029248768768e-239 542.9287731187252 0.40901585 0.02182762 0.65470762 0.69993081 -1.0907252 0.83711466 -0.00815026 -19.064317825561258 -515.6732133204772 -8.253670236357276
1.2150423812537976e-239 542.9202203396237 0.11746468 0.02064803 0.43492061 0.91076606 -0.53605112 0.27580542 -0.00312405 -17.36056377841773 -525.4807521192959 -0.0874572210116672
1.2258156838793612e-239 542.9012149898737 0.32221169 0.02406131 0.82553874 0.7460334 -1.29549779 -0.19282937 0.01208495 -7.632805064832989 -530.8396336043357 -4.447781670454966
1.2904812013145354e-239 542.8094423982119 0.36093761 0.02448787 0.63977147 0.67204603 -1.27142295 -0.69386914 -0.0048399 -14.655377259718614 -518.3995965517208 -9.846241178434205
1.3499955557519587e-239 542.7989901507939 0.33669957 0.02407782 0.58323065 0.64669261 -1.12203014 1.09488946 -0.01007222 -12.981237741340655 -515.4369836588379 -14.391220998033354
1.354108538247746e-239 542.7933638526317 0.32784467 0.02050976 0.52555577 0.76845514 -0.74077145 -1.60050166 0.00469489 -17.118031565918766 -515.674717520335 -10.006241064540157
1.3517168877042834e-239 542.7925428811877 0.2701253 0.02045047 0.51952062 0.94070237 -1.2117085 0.81849141 0.0070158 -22.677910523763092 -514.7259909625654 -5.389462366303174
1.3631895190454184e-239 542.7666528983098 0.2170214 0.02368505 0.82962517 0.89609299 -1.0452803 1.41841574 -0.01994365 -20.764864033290426 -516.2067236884507 -5.820955159446628
1.4857959992636895e-239 542.6158344656079 0.43313447 0.021395 0.59341642 0.61613501 -1.43914341 0.58919749 0.00684393 -23.227618204710133 -512.9880387094198 -6.550995984179832
1.6407335555838959e-239 542.5535798462031 0.27923201 0.02308689 0.81912398 0.88547657 -0.81775485 0.86774572 -0.01798028 -25.809722599713893 -515.8830968799601 -0.9230149859339299
1.7786402378603767e-239 542.4463522352477 0.12275127 0.02108923 0.7217281 0.69197448 -0.55675399 -0.23212366 0.0069931 -12.970547972326687 -526.8933860585445 -2.6896458153319376
2.0324724767429236e-239 542.2807704920378 0.45392642 0.02254555 0.84803889 0.78716043 -1.21157485 0.00368509 0.01590641 -21.3320497790866 -519.0672045066015 -2.047097949559669
2.28711818981251e-239 542.1952781739283 0.45043141 0.02456069 0.87918065 0.54258935 -1.09443352 -1.48254181 0.01546022 -18.88937306755065 -522.7387495818875 -0.6526478425996304
2.3923123364345026e-239 542.1790985547647 2.18165234e-01 2.06584205e-02 5.90764856e-01 6.62626023e-01 -1.17388071e+00 1.77233480e+00 -1.47311661e-03 -8.817585508322873 -518.1245729161484 -15.253119749456975
2.4113062621410277e-239 542.1694445163184 0.34433491 0.02326615 0.77811092 0.72373431 -0.66240806 -0.76813391 0.00178311 -23.408387069591175 -514.390043219115 -4.380668266058496
2.550934120083028e-239 542.0595365994036 0.28210121 0.02279631 0.79888192 0.86516587 -1.23612234 -0.59470406 0.01162614 -10.441715312308542 -528.0583230878024 -3.6694061162075085
2.822214754488793e-239 541.9569558885725 0.30288503 0.02460112 0.79544252 0.69303847 -0.86257049 -1.18775629 -0.00712117 -11.35034412997487 -529.2851450014389 -1.4240474679899566
2.963371020749748e-239 541.9493354301515 0.40207417 0.02438869 0.65404653 0.8697345 -1.06886093 -0.1282932 -0.00272232 -12.733545294982516 -513.4809753795223 -15.742435214067674
3.1229057077393774e-239 541.8448229479598 0.38193405 0.02218195 0.81287859 0.63726407 -1.3163391 1.30280127 0.01587598 -11.121953871999535 -517.5695997568588 -13.257781801293198
3.306459822955332e-239 541.8225267673711 0.45445781 0.02253285 0.48270909 0.80862552 -1.28428237 -0.24007336 0.0063663 -25.515792465878867 -516.2670546212012 -0.06197586087962673
3.3492589498735514e-239 541.8090469431794 0.25344532 0.02250636 0.57750289 0.56803841 -1.30522564 0.58855191 0.01882026 -22.668190781324615 -518.5328475423803 -0.6214884436661564
3.443313667964225e-239 541.7577730962768 0.16154721 0.0228889 0.8498429 0.78824013 -1.09670931 1.75021584 -0.00876161 -13.429363774561047 -527.8207381663859 -0.5589450022324555
3.618827693058755e-239 541.6998224358276 0.38859237 0.02448143 0.4999388 0.81298198 -0.93179112 -1.71541077 -0.00627133 -24.584148234577032 -515.3896402321711 -1.783984629528628
4.123825155300999e-239 541.4960585139105 0.35682702 0.02463103 0.79434005 0.81070322 -1.16616792 0.09747882 -0.01026025 -14.01382678055699 -513.3697675363067 -14.316228118963984
4.7556023352797695e-239 541.3968600165656 0.19711236 0.02412929 0.89682882 0.57784306 -0.74396969 0.80517387 -0.01255559 -12.735455302147226 -512.6512206368349 -16.109382574928468
5.280537503152192e-239 541.2777594358906 0.18781317 0.02240084 0.65876901 0.91570607 -0.6959208 -0.3408597 -0.00592201 -8.182247283084937 -522.701604644074 -10.51300808940669
5.634730641599191e-239 541.2536432781643 0.1817762 0.02463921 0.43252084 0.75399478 -0.77065573 0.72756746 0.00963792 -26.42785346766386 -514.5071898896374 -0.3427160785893301
5.80712089410603e-239 541.2078911097816 0.34995876 0.02022584 0.41720833 0.80044133 -0.76309878 -0.17715168 -0.00699159 -7.600861677589861 -517.4422992284275 -16.21048237214695
6.089661102061975e-239 541.1489968787736 0.1317204 0.0206688 0.65727136 0.58834582 -0.96610316 1.9280407 0.01282392 -6.112108805721896 -527.4894512180019 -7.60633108605787
6.5436035066618975e-239 541.0554450545346 0.46420861 0.02408752 0.82220968 0.62692006 -1.01224576 -1.74577218 0.01438503 -21.44000300816298 -515.3948900692833 -4.314103801327319
6.938165409690625e-239 541.0200490486625 0.37626399 0.02453282 0.66184287 0.73154287 -1.14384771 -1.77327065 0.01170799 -9.257962518623895 -521.6967227250951 -10.100759810815642
7.213986379096813e-239 540.9678687765917 0.42004512 0.02219274 0.60955641 0.83462245 -0.94085501 0.08905486 0.01280365 -12.46617049027234 -513.6336360269077 -14.920242531482439
7.474590224632389e-239 540.9386318318398 0.42850821 0.02406529 0.59913105 0.8258652 -0.89369486 -1.6237295 -0.01357744 -9.720817621794415 -531.1765453765861 -0.07050577821116392
8.070252350145822e-239 540.8085560432132 0.12593379 0.02478746 0.5451124 0.56800415 -0.7425184 0.79533957 -0.01673673 -12.47973459065841 -518.5742005777934 -9.88469666338798
9.033450962322218e-239 540.7017793449227 0.44715707 0.0226451 0.48590257 0.51185374 -1.34627328 0.79158622 0.01056106 -7.401831240401701 -515.3092874448452 -18.097437357966356
9.995733262376672e-239 540.5960762492786 0.12305761 0.02304893 0.86382964 0.84425029 -1.01269351 0.79540765 0.00838619 -18.605924177098274 -521.172530163301 -0.9233250045234442
1.3104346431510893e-238 540.1886551206569 0.42459662 0.02125201 0.83258158 0.50648053 -1.30134874 1.02145806 0.0166347 -9.243329193011228 -528.8511233201268 -2.501623736140422
1.628803261208165e-238 540.1114052084583 0.22352347 0.02328736 0.66273359 0.56651047 -0.59459537 -0.69700705 0.00727012 -17.9325646818245 -520.8623944228747 -1.3936960159576917
1.7761766168837202e-238 540.0066933406621 0.38119339 0.02404508 0.79401219 0.8313832 -1.02034499 0.31996358 -0.01844069 -16.995304086375576 -519.3207513623769 -3.795349759705914
1.8763452586815625e-238 539.9890425448743 0.42590338 0.02061182 0.59196952 0.89564009 -1.13106178 -0.06693997 0.00457815 -11.139675322935535 -519.176637204393 -9.690380813333528
2.0111932221612488e-238 539.861875860559 0.10541376 0.02263434 0.7934868 0.5867171 -0.61415542 0.81465765 0.00331035 -15.71828234802706 -519.5851255841678 -4.6856346126794
2.228457378950392e-238 539.7718883011781 0.41337703 0.02140344 0.58955367 0.95970918 -1.22833263 0.04746797 0.01969445 -7.96910199544464 -531.0009535440088 -0.8918203211056529
2.358676824413101e-238 539.7366058047069 0.3347749 0.02458206 0.46912397 0.88126628 -0.93230548 0.09396635 0.01952245 -22.589569489935347 -516.2840498049845 -0.8982690062583106
2.629423809374216e-238 539.552716103484 0.45268478 0.0224175 0.82510921 0.56649549 -1.51584436 -0.79075382 -0.01136219 -6.7196742093731645 -517.506127528132 -15.510804067201741
2.9051576498971743e-238 539.5190266441276 0.18188426 0.02025074 0.74945493 0.84815544 -0.9566321 1.42018356 -0.00950412 -24.639377599082543 -514.5399779307193 -0.3733605736822589
3.095495161363255e-238 539.4180831578951 0.43298577 0.02246226 0.63350631 0.65678806 -1.23990268 0.57167781 -0.00705064 -18.647982805467173 -513.4743382537027 -7.396705584957606
3.548019511109026e-238 539.2414146898617 0.30817848 0.02107168 0.46206772 0.94731367 -1.25673566 -0.1048536 -0.0101624 -18.97195868351464 -519.9839524694005 -0.46217200497989425
3.867151013392644e-238 539.228102567238 4.53716243e-01 2.14271766e-02 7.98730624e-01 5.77932590e-01 -1.04723788e+00 -7.08439082e-02 -6.68751417e-04 -16.254248529360595 -520.8621443860626 -2.125021774438553
3.936740927408728e-238 539.1959829276545 0.30379109 0.02086816 0.67548489 0.69651719 -0.75031549 -1.55352942 -0.01058068 -9.835462374169895 -528.5622064773514 -0.8304337157166889
4.024804838387508e-238 539.1737467525918 0.34022729 0.02049047 0.80671745 0.59035544 -1.30714226 1.03546069 -0.01022472 -22.136467191244126 -513.9244908789951 -3.135024857415308
4.087826136366162e-238 539.1548992423229 0.46119485 0.02266106 0.89253568 0.73079056 -0.83320084 -1.52183843 -0.00619461 -20.184141365040354 -513.4615671666293 -5.528038220922191
4.2814311004279814e-238 539.072818692853 4.16610245e-01 2.39564965e-02 8.96317789e-01 5.64007389e-01 -1.32144196e+00 7.97778424e-02 2.18158508e-04 -9.102012998852981 -529.0818029842085 -0.9710832592614373
4.541932954707369e-238 539.0256654153029 0.41942366 0.02411746 0.84753472 0.58890039 -1.26179753 -0.22528959 0.01651366 -15.929161706505319 -514.28255428848 -8.861102697867741
4.638711166413416e-238 539.0201277111491 0.2921969 0.02243075 0.51820214 0.65797082 -1.11752146 -1.50764491 0.00494259 -13.521521410133314 -515.1087395765551 -10.395404428614539
4.8246963601133284e-238 538.9387166669661 0.21951668 0.02009321 0.59026048 0.53620983 -0.63432974 -0.22750038 -0.01399696 -9.808761914665139 -528.812707667557 -0.39865812892693414
5.30373706585255e-238 538.8225407101829 0.16643453 0.02079212 0.58296189 0.65724409 -0.94797849 1.70989332 0.00778605 -10.043714193789347 -520.1225447998386 -8.772457673338192
5.671465318481731e-238 538.7915378727283 0.1477118 0.02387276 0.5991271 0.56642034 -0.82019863 -0.0670077 -0.00686073 -19.343847376169663 -515.9160961480208 -3.562597185992423
5.7785994256456775e-238 538.7749663528863 0.33586816 0.02128979 0.50933734 0.84510084 -1.30831327 0.38800933 -0.00215326 -10.81900911312452 -519.8611817644066 -8.111346995197216
5.859824362886626e-238 538.7536907147019 0.14955694 0.02201052 0.66372114 0.82494366 -0.72619802 1.09054041 -0.01389648 -22.594040137373653 -514.9209824189452 -1.259943796567451
5.916434269882704e-238 538.7456655750447 0.42137033 0.02030367 0.5885354 0.62655888 -0.84226776 -1.25671378 0.01717665 -13.228194051136123 -525.5252841628541 -0.00021250071162027685
6.008243181711456e-238 538.7131666803123 0.49888914 0.02157406 0.89795151 0.52223149 -1.38123437 -0.91421066 0.00492141 -7.161116281625496 -524.6237741708511 -6.960775122568034
6.159067718526123e-238 538.6860245635996 0.29704977 0.02237602 0.73259774 0.69000927 -1.28968531 1.26293968 0.01375182 -17.11153382712004 -521.131729904537 -0.46990294865519205
6.221049356103458e-238 538.6829833863189 0.43816996 0.02073264 0.8480439 0.54913315 -1.27918223 0.41777098 -0.00619355 -24.38440578000612 -514.0021175621189 -0.29950122147467056
6.235014633511944e-238 538.6715949387316 0.28389826 0.02264914 0.72091652 0.70478669 -1.25390303 1.11783216 -0.01606893 -16.17011981190774 -518.596760411408 -3.9161031630031875
6.458980419649477e-238 538.6035520169936 0.23310263 0.02254037 0.69318711 0.72092966 -0.59821185 -0.08030136 -0.01196154 -21.90480585736372 -515.8315046017306 -0.9352844796372594
7.436366110219178e-238 538.390018511642 0.17657663 0.02165507 0.89432189 0.62695214 -1.03195361 1.97140534 0.0176323 -9.449259944484163 -528.5144313797624 -0.6398606927469517
8.830676847862096e-238 538.2438380918677 0.24086811 0.02380766 0.61373571 0.60940267 -0.89332102 -0.97552106 0.01525371 -22.98441870008284 -515.0909188779989 -0.3146809335602602
9.733619316658729e-238 538.1809851847471 0.33958592 0.02417683 0.68114023 0.73032859 -0.97218277 -1.59405618 -0.0184018 -11.171730924098044 -519.5207894684402 -7.551317699329548
1.0086088529961297e-237 538.1618247305281 0.29935291 0.02428675 0.74614808 0.96758414 -0.80727831 -0.40945225 0.01079889 -12.86755507874548 -514.3211564117618 -10.992273694239918
1.0732377470912506e-237 538.0498360451659 0.44747283 0.02271686 0.51373025 0.8634595 -1.18430794 -0.55031413 0.0199256 -10.201040219561966 -515.8195991113209 -12.14118539964527
1.1342964572630866e-237 538.0380852663872 0.213175 0.02322675 0.62813714 0.70799323 -0.63551882 0.24129633 0.0056301 -17.22480640304102 -519.6775653349428 -1.147464307182059
1.1383068044968289e-237 538.0327748885526 0.36951408 0.02033022 0.44527824 0.90795091 -1.16391478 0.39344292 -0.01872142 -6.877819864933754 -527.7192146826374 -3.441050718816065
1.1808424710999509e-237 537.956196356767 0.22861472 0.02051053 0.81933325 0.69733931 -1.16609877 0.64772951 0.01543788 -17.704755748790834 -513.5809277927466 -6.74709134701511
1.2264405422029799e-237 537.9455863115968 0.41071994 0.02350124 0.49522117 0.54351226 -1.42510206 -0.17321003 -0.01391441 -10.864621290192177 -521.7076321574918 -5.383942909082975
1.2909352951515638e-237 537.8461616592764 0.32687762 0.02116337 0.57488584 0.73756477 -1.23192708 -1.36824448 0.00730124 -18.851723673572394 -513.9093624308525 -5.184500207171877
1.3788699260875083e-237 537.8018374904393 0.41710578 0.02396893 0.81643705 0.76470864 -1.05585353 -0.25196034 -0.01170799 -12.60747924335969 -523.5047248385887 -1.7339575773280327
1.4454363077524196e-237 537.7422879649703 0.32058526 0.02147806 0.66509751 0.51521826 -1.3607322 0.06566491 -0.01458468 -9.905947640510501 -518.9206391574124 -8.97525069251638
1.5748241867885487e-237 537.6230627245266 0.42380651 0.02166398 0.77564984 0.59278898 -0.84951413 -0.36335822 -0.01954153 -13.709959305055452 -523.3383369603198 -0.6939916995950123
1.6633120948318344e-237 537.6194301915143 0.20295877 0.0234498 0.87484975 0.70211627 -0.82811113 -0.55456775 0.00857911 -6.3096085089158 -531.0139548630133 -0.299499352597497
1.6957365016880962e-237 537.5749659524046 0.14134279 0.02397197 0.75175949 0.96765145 -0.63521634 0.42765779 -0.01830666 -14.932236813549197 -517.8565200674475 -4.830673310517616
1.8164600381364282e-237 537.4739652591495 0.21080981 0.0219976 0.55745 0.74709996 -0.98181841 -0.45035876 -0.00289341 -6.835581833954491 -521.7360643920734 -9.003319726376626
1.9395064828682152e-237 537.4317981952679 0.26248175 0.02292024 0.78920523 0.94256457 -0.6794275 -0.35314449 0.01731327 -8.934348408121524 -528.5384309260467 -0.0011859249813456622
1.9950250199644953e-237 537.4072502579404 0.40900504 0.02101666 0.61727865 0.99880047 -0.82615042 -0.84311674 -0.00615595 -14.914698761184972 -520.60208508084 -1.9150143532430492
2.0403395925384782e-237 537.376982157783 0.45054715 0.02125709 0.77851099 0.75335227 -1.29892048 -0.87849881 0.01858261 -9.736609502140697 -525.2918722102252 -2.378768545574507
