SUMMARY
-------
analyzer: nested
nested_algorithm: multi
dynamic: False
nlive: 100
niter: 827
ncall: 5148
%eff: 18.0264
logz: -705.9710 +/- 0.2279
loglikes: [-1007.64647082  -995.96197399  -994.96206078  -986.17853462
  -958.35434164  -941.76710778  -941.10388441  -937.69977947
  -921.90384259  -912.504517    -910.40381999  -908.35407782
  -907.80090461  -895.19518949  -894.20977075  -892.0003478
  -890.14357874  -863.58579341  -856.1444452   -854.79036724
  -850.64208184  -850.20301544  -847.77207457  -841.21551064
  -831.32032929  -830.74551322  -830.04491734  -821.75035267
  -819.95857144  -817.9119139   -815.24269459  -812.44481603
  -807.60420379  -801.38852449  -798.49409365  -789.8974442
  -785.69348849  -779.11491443  -775.51090282  -772.32146025
  -771.77808344  -769.72363059  -766.03781289  -763.02805094
  -760.44085586  -760.2530792   -759.3874096   -758.44262841
  -757.91142698  -756.99950626  -754.09016311  -752.51984717
  -748.10503338  -746.84944312  -745.00129012  -743.3957114
  -741.87778303  -741.79085596  -741.01770564  -740.1031758
  -738.99807458  -737.95971927  -737.43032166  -735.63679074
  -735.35396052  -734.82991102  -733.3904047   -733.12547178
  -732.44119289  -731.13212083  -730.61798157  -729.59995521
  -729.55798274  -729.54207595  -729.4464992   -729.37989113
  -728.47693563  -727.33990467  -726.75811428  -726.09578719
  -725.90284487  -725.5847577   -724.95232125  -723.46569205
  -723.36185892  -723.27068595  -723.24951954  -722.86537876
  -722.21851692  -722.0017583   -721.59154719  -721.51394052
  -721.20817139  -720.98699765  -720.91921883  -720.90355154
  -720.56588891  -720.37839954  -719.72833126  -719.47231645
  -719.36060158  -718.86195455  -718.75941384  -718.70992843
  -718.67733381  -718.46205426  -718.37183602  -718.36703882
  -718.25341928  -718.02094094  -717.52685387  -716.49461862
  -716.48843625  -716.47568365  -716.43523775  -716.16808259
  -715.79815551  -714.63631337  -714.42667609  -714.21470454
  -714.09175621  -713.47773779  -713.44004149  -713.42949338
  -713.30954023  -713.29994059  -713.27722386  -713.25624256
  -713.01870736  -712.96287443  -712.81257321  -712.67035188
  -712.65329299  -712.60225684  -712.5420942   -712.3873776
  -712.37888814  -712.29073918  -712.17948614  -712.15905909
  -712.02508132  -711.68651954  -711.50982501  -711.02024081
  -710.92088805  -710.91701786  -710.86123177  -710.81832479
  -710.81443095  -710.76488695  -710.6474238   -710.63387051
  -710.61420794  -710.61062296  -710.60172263  -710.52916967
  -710.39782502  -710.26349356  -710.14122533  -710.12628712
  -710.09607302  -710.00979959  -710.00379738  -709.96402061
  -709.84901272  -709.66797627  -709.64071236  -709.61169994
  -709.53294239  -709.51581806  -709.29984434  -709.14564538
  -709.09216101  -709.08786706  -709.08724114  -709.08683894
  -708.89295765  -708.72791046  -708.69427113  -708.64057496
  -708.50031178  -708.46865093  -708.42628371  -708.40420225
  -708.31954016  -708.25944783  -708.25206187  -708.2100552
  -708.01996079  -707.99999309  -707.97169031  -707.94152616
  -707.92792715  -707.73196405  -707.70121691  -707.68436732
  -707.55058194  -707.51456114  -707.48185828  -707.43939402
  -707.43722334  -707.42127841  -707.3172013   -707.1782643
  -707.16684515  -707.06394658  -707.03639351  -706.96094414
  -706.93064295  -706.89137552  -706.83998183  -706.83389544
  -706.83278569  -706.76842214  -706.70075198  -706.67576337
  -706.58594209  -706.5553808   -706.51754344  -706.43056214
  -706.39838399  -706.3423778   -706.28170896  -706.23072091
  -706.18475227  -706.08729057  -706.04887431  -706.03138943
  -705.98900234  -705.94376221  -705.9310624   -705.90466326
  -705.87889653  -705.75158256  -705.74526885  -705.72270883
  -705.71684847  -705.7166141   -705.67865549  -705.6612953
  -705.65271609  -705.62223504  -705.6181535   -705.60400469
  -705.58980302  -705.58811011  -705.51030188  -705.47179847
  -705.45017894  -705.44465696  -705.43627169  -705.39724535
  -705.3761793   -705.36637643  -705.35369398  -705.2910244
  -705.23432909  -705.15590006  -705.0681392   -705.0366204
  -705.0172755   -705.0098482   -704.98556351  -704.9776537
  -704.95970179  -704.95144289  -704.93093165  -704.77415696
  -704.76195361  -704.75848454  -704.72171045  -704.6925684
  -704.6846641   -704.64147099  -704.59713554  -704.57118054
  -704.53945613  -704.53426914  -704.48302214  -704.48148589
  -704.47104081  -704.46454052  -704.46107045  -704.44149086
  -704.44001523  -704.42937267  -704.42238379  -704.41741585
  -704.38226889  -704.37596024  -704.3672985   -704.36205454
  -704.34796014  -704.33405918  -704.32260772  -704.32205029
  -704.31050026  -704.3079065   -704.30269174  -704.27829843
  -704.27625858  -704.26694154  -704.25158569  -704.24334935
  -704.24087461  -704.21608439  -704.18928047  -704.1738199
  -704.15908861  -704.13565245  -704.12966532  -704.11182212
  -704.10735745  -704.09064381  -704.08841218  -704.04347901
  -704.00723101  -703.98493609  -703.98479862  -703.98318256
  -703.98075365  -703.98009869  -703.97243979  -703.96200172
  -703.94279864  -703.9303093   -703.91211916  -703.9081987
  -703.87605885  -703.86382588  -703.85684573  -703.83418218
  -703.82541707  -703.7974424   -703.78490285  -703.77961492
  -703.77112037  -703.76516443  -703.65763556  -703.64422452
  -703.64394388  -703.63918678  -703.62959269  -703.56799225
  -703.56772352  -703.54845037  -703.53357726  -703.52763389
  -703.51703919  -703.49147868  -703.4890625   -703.47749958
  -703.47280836  -703.4673071   -703.46027259  -703.45860127
  -703.45498259  -703.45370977  -703.44837359  -703.44809321
  -703.44582225  -703.44452454  -703.44103931  -703.43423497
  -703.42764724  -703.35148072  -703.35069185  -703.33672396
  -703.32676097  -703.31811423  -703.29021359  -703.28081542
  -703.26562063  -703.26287397  -703.26251529  -703.26097322
  -703.25670168  -703.24424954  -703.24210783  -703.21660029
  -703.21233124  -703.2122143   -703.20037972  -703.19974584
  -703.1927347   -703.17309964  -703.1710105   -703.16873271
  -703.15291475  -703.15216932  -703.14992418  -703.13345055
  -703.13336333  -703.10771684  -703.10367035  -703.10085339
  -703.0994281   -703.09321994  -703.08423696  -703.05706497
  -703.05371656  -703.05149731  -703.04899409  -703.04147306
  -703.03995707  -703.02172642  -703.0124719   -703.00850434
  -702.99454314  -702.99326211  -702.9755036   -702.96414295
  -702.96081626  -702.95293408  -702.9448586   -702.93973763
  -702.93659327  -702.9211066   -702.92105887  -702.92083023
  -702.91947546  -702.88976283  -702.8869639   -702.88577385
  -702.86721005  -702.86211988  -702.86206159  -702.8580429
  -702.8569978   -702.85547052  -702.85292763  -702.84636627
  -702.84434528  -702.84198802  -702.84163327  -702.83665421
  -702.83492641  -702.83088473  -702.8306996   -702.81902564
  -702.80890776  -702.79461248  -702.79368424  -702.78822021
  -702.78565511  -702.78283229  -702.78215476  -702.78206887
  -702.78181989  -702.77957083  -702.77219349  -702.77049537
  -702.7681823   -702.76708721  -702.76200237  -702.7598128
  -702.754372    -702.75378684  -702.74954929  -702.74723583
  -702.74430878  -702.72410231  -702.7193288   -702.71856749
  -702.71792622  -702.71565437  -702.68333907  -702.68254557
  -702.67778587  -702.67390774  -702.67333825  -702.66577782
  -702.66009739  -702.65880808  -702.6549573   -702.65029837
  -702.64739993  -702.64672952  -702.64637257  -702.64410373
  -702.64042405  -702.63743586  -702.63493607  -702.63257283
  -702.62924527  -702.62405553  -702.62284385  -702.61650304
  -702.61606699  -702.61477566  -702.60858838  -702.59861957
  -702.59850128  -702.59697804  -702.59297728  -702.59226232
  -702.58411127  -702.58296304  -702.58279736  -702.58112652
  -702.57989911  -702.57917645  -702.57883981  -702.57780621
  -702.57690332  -702.57426055  -702.57299756  -702.57275572
  -702.57018078  -702.56402022  -702.56188676  -702.56165167
  -702.55932644  -702.5577984   -702.55681166  -702.5534497
  -702.5499949   -702.54761965  -702.54329496  -702.54267882
  -702.54192949  -702.5418616   -702.5417154   -702.54057057
  -702.53954491  -702.53593379  -702.53508332  -702.53493901
  -702.53366242  -702.53192832  -702.53043585  -702.52755815
  -702.52752176  -702.5248065   -702.52140237  -702.51793889
  -702.51607351  -702.51244889  -702.51212666  -702.50727821
  -702.50591225  -702.50502592  -702.50445784  -702.5041696
  -702.50392289  -702.50164179  -702.50101721  -702.49897051
  -702.49737055  -702.49688691  -702.49556348  -702.49495879
  -702.49410991  -702.49331184  -702.49330517  -702.49298789
  -702.49251973  -702.4906222   -702.49061772  -702.48880769
  -702.48582287  -702.4810314   -702.47942347  -702.4785852
  -702.47797573  -702.47602312  -702.47132213  -702.46717068
  -702.46350877  -702.46276344  -702.46232897  -702.46113637
  -702.46111638  -702.45873045  -702.45855011  -702.45684053
  -702.45625698  -702.45449191  -702.45304191  -702.45287102
  -702.45232664  -702.45219697  -702.45137798  -702.4507761
  -702.44941813  -702.44924566  -702.44808895  -702.44659196
  -702.44601304  -702.44506246  -702.4448476   -702.44442091
  -702.44296755  -702.44277873  -702.44246402  -702.44215236
  -702.44211234  -702.44164704  -702.44030517  -702.43803315
  -702.43515275  -702.4349878   -702.43435047  -702.43390603
  -702.43301665  -702.43199906  -702.43007022  -702.42747452
  -702.42721874  -702.42629769  -702.42608426  -702.42598322
  -702.42538675  -702.42446242  -702.42371674  -702.42098409
  -702.41976481  -702.4197284   -702.41959474  -702.41956018
  -702.41886132  -702.41710492  -702.41621315  -702.41525321
  -702.41381301  -702.4137477   -702.4127999   -702.41197252
  -702.41185943  -702.41092035  -702.41090309  -702.40894371
  -702.40854573  -702.40700448  -702.4047494   -702.40469211
  -702.40465206  -702.40435336  -702.40401753  -702.40397562
  -702.40383007  -702.40371028  -702.40149071  -702.4000905
  -702.40008631  -702.39974185  -702.39926537  -702.3988197
  -702.39781909  -702.39736035  -702.39697292  -702.39689332
  -702.3965404   -702.39635151  -702.39539335  -702.39454585
  -702.39404709  -702.39391269  -702.39376334  -702.39373962
  -702.3935998   -702.39358077  -702.3934853   -702.39277762
  -702.39188492  -702.39115179  -702.39028195  -702.38985887
  -702.38932272  -702.38878033  -702.38765992  -702.38737425
  -702.38737245  -702.38723359  -702.38549671  -702.3850713
  -702.38504972  -702.38479033  -702.38437474  -702.38425526
  -702.38424635  -702.38386376  -702.38385239  -702.3837981
  -702.38366676  -702.38313122  -702.38259358  -702.38181174
  -702.38121869  -702.381068    -702.3806583   -702.38000576
  -702.37989643  -702.37974414  -702.3794339   -702.37915215
  -702.37910635  -702.37908215  -702.37859529  -702.37823866
  -702.378016    -702.37771129  -702.37722679  -702.37692483
  -702.37649467  -702.3764088   -702.37634256  -702.37579783
  -702.37574064  -702.37530161  -702.37523647  -702.37457665
  -702.37444729  -702.37442313  -702.37396295  -702.37383439
  -702.37373923  -702.37364684  -702.37356662  -702.37321258
  -702.37305513  -702.37257581  -702.37173336  -702.37160713
  -702.37096868  -702.3709676   -702.37085795  -702.37057938
  -702.37046659  -702.36993265  -702.36989771  -702.36937221
  -702.36926136  -702.36919714  -702.36899315  -702.36890701
  -702.36874113  -702.36836148  -702.3682885   -702.36804576
  -702.36800106  -702.36798361  -702.36796617  -702.36789969
  -702.36775495  -702.36739252  -702.36710121  -702.36702058
  -702.36664878  -702.36652847  -702.36649035  -702.36646857
  -702.36631185  -702.36600939  -702.365976    -702.36562069
  -702.36554911  -702.36546621  -702.36542481  -702.36534438
  -702.36515736  -702.36489819  -702.36470804  -702.36448382
  -702.36429038  -702.36422992  -702.36400547  -702.36391726
  -702.36385054  -702.36376433  -702.3635538   -702.36335743
  -702.36334009  -702.36305772  -702.36302458  -702.36299432
  -702.36297744  -702.36282985  -702.36275783  -702.36272728
  -702.3625804   -702.36225051  -702.36221862  -702.36217016
  -702.36213092  -702.36195786  -702.3619385   -702.36188365
  -702.36168606  -702.36143151  -702.36140433  -702.36118983
  -702.36095788  -702.36094608  -702.36083262  -702.36082875
  -702.36074365  -702.36072926  -702.36069661  -702.36061113
  -702.3605504   -702.36027287  -702.3602183   -702.36021562
  -702.36012727  -702.36006125  -702.35999753  -702.35988933
  -702.3598603   -702.35973774  -702.35957116  -702.3595276
  -702.35947211  -702.35941941  -702.35936767  -702.35924927
  -702.35921169  -702.35912948  -702.35906214  -702.35900879
  -702.35895923  -702.35891703  -702.35885321  -702.35877114
  -702.35875207  -702.35839899  -702.35836618  -702.35835005
  -702.35831401  -702.35831393  -702.35822672  -702.3581854
  -702.35788037  -702.35772525  -702.35769503  -702.35768879
  -702.35767062  -702.35745288  -702.35728388  -702.35726738
  -702.3571322   -702.35709602  -702.35697058  -702.35683938
  -702.35682725  -702.35669758  -702.35669276  -702.35659652
  -702.35651914  -702.35646469  -702.35643096  -702.35633891
  -702.35622196  -702.35618039  -702.35600253  -702.35597046
  -702.35571625  -702.35553866  -702.35553629  -702.35550266
  -702.35549855  -702.35549341  -702.35546266  -702.35539398
  -702.3553481   -702.35529415  -702.35519548  -702.35513196
  -702.35497745  -702.35494955  -702.35494872  -702.35489986
  -702.35466344  -702.35449945  -702.35446699  -702.35446146
  -702.35439985  -702.35424106  -702.35421721  -702.35416167
  -702.35412568  -702.35405048  -702.35396953  -702.35393152
  -702.35386112  -702.35367833  -702.35365843  -702.35362829
  -702.35353806  -702.35353653  -702.35350876  -702.35349866
  -702.35349057  -702.35347189  -702.35343718  -702.35339089
  -702.35333536  -702.35324448  -702.35317071  -702.35296933
  -702.35287203  -702.35284689  -702.35277749  -702.35271289
  -702.35256526  -702.3525502   -702.35250226  -702.35250172
  -702.35243629  -702.35243408  -702.35231924  -702.35230327
  -702.35227833  -702.35225641  -702.35223184  -702.35215352
  -702.35212888  -702.35211623  -702.35206077  -702.3520583
  -702.35203756  -702.35202193  -702.35179696  -702.35176669
  -702.35169642  -702.35160753  -702.35151668  -702.35150462]
Om: 0.4106 +/- 0.0576
Obh2: 0.0220 +/- 0.0005
h: 0.7050 +/- 0.1700
Ode: 0.6778 +/- 0.0966

Elapsed time: 23.541 minutes = 1412.476 seconds 
