0.0 857193.7369476678 0.09585052 0.02101232 0.86795893 -0.84260084 1.92571702 -151052.0899788558 -31.000155342367325 0.0
0.0 802698.9131338437 0.14522012 0.02105045 0.6701642 -0.04683663 0.48792189 -857106.0755604858 -87.66138718196376 0.0
0.0 802316.049123341 0.15999802 0.02255765 0.6760863 -0.09591622 0.61963309 -802537.3865224263 -161.52661141742303 0.0
0.0 801667.7258506847 0.21715247 0.02371966 0.4108119 -0.30056072 1.88506338 -802152.661633521 -163.38748981996733 0.0
0.0 721127.030379679 0.08364551 0.02360241 0.42642238 -1.81303381 -0.23071428 -801240.1442242801 -427.5816264045351 0.0
0.0 718943.3289316811 0.06851295 0.02030122 0.46029812 -1.85243011 -1.5207804 -721012.6457174002 -114.38466227879084 0.0
0.0 677485.3230118498 0.44922033 0.02071898 0.73699879 -0.45002371 1.52958858 -718749.8208574594 -193.50807422161333 0.0
0.0 660905.2029884312 0.12800121 0.02198323 0.65103415 -0.32007204 0.78018634 -677352.5992593454 -132.72375250431853 0.0
0.0 653382.0844128908 0.43113962 0.02479213 0.78736924 -0.11618266 0.6923091 -660834.7153637114 -70.48762471989969 0.0
0.0 574141.9677648204 0.0605561 0.02161632 0.53611282 -1.75038462 -1.79153003 -653251.5155712089 -130.56884168189137 0.0
0.0 573191.3387696496 0.35549931 0.02080316 0.85044544 -0.12508165 0.43833646 -573970.0477992285 -171.91996559196176 0.0
0.0 564104.1761447362 0.28364357 0.02196766 0.68917663 -0.27355583 0.77616109 -573107.6269314763 -83.71183817334412 0.0
0.0 548615.7915570276 0.34136339 0.02401188 0.82944015 -0.92280296 1.94203222 -564019.2003956663 -84.97574906997744 0.0
0.0 512880.1142551427 0.24971994 0.021651 0.56029766 -0.51682157 1.29063717 -548558.6213079569 -57.17024907071081 0.0
0.0 503186.63359581894 0.34717646 0.02124677 0.64507457 -0.58556361 1.42353958 -512797.9051994883 -82.20905565439124 0.0
0.0 455693.01633560454 0.36089477 0.02369878 0.75999407 -0.2560289 0.60661273 -503111.8073720569 -74.82622376205698 0.0
0.0 447139.515660562 0.0966259 0.02196442 0.48123588 -1.98864438 0.85555128 -455631.09442704864 -61.921908555923295 0.0
0.0 441474.88609713747 0.08661075 0.0205258 0.42629265 -0.9086094 -1.02670292 -446992.51074272237 -147.00491783966572 0.0
0.0 415582.8109617383 0.0961252 0.0248088 0.41660954 -0.74753247 -0.92951064 -441445.0941883701 -29.791908767341845 0.0
0.0 414695.63900615316 0.27848538 0.02036255 0.60048656 -0.86723305 1.78957619 -415521.8008081616 -61.01015357669923 0.0
0.0 408169.2292545241 0.08308427 0.0222294 0.55646673 -0.49904026 0.7750025 -414642.73335920164 -52.90564695152468 0.0
0.0 373659.66738384607 0.38294254 0.02481634 0.52989889 -0.80904408 1.87173381 -408154.52750481165 -14.701749712438763 0.0
0.0 338406.8602941342 0.18103498 0.02255676 0.40316223 -1.22704571 -0.5103914 -373588.66036263236 -71.00702121370283 0.0
0.0 318060.5061998036 0.06993665 0.02430605 0.64725548 -1.7457433 -1.59756699 -338399.71571337216 -7.144580762036671 0.0
0.0 256994.83070936217 0.09650014 0.02423628 0.58614592 -1.81831827 0.41919149 -317906.8029876682 -153.7032121353919 0.0
0.0 249131.42397612554 0.484627 0.02146909 0.77860309 -0.69975013 1.10717496 -256897.4478981186 -97.38281124355763 0.0
0.0 248583.07224635195 0.19741151 0.02385495 0.46281427 -1.94386587 0.68445733 -249097.86606508947 -33.55791103606724 0.0
0.0 244190.90772460037 0.07895186 0.02229581 0.6305938 -1.97860565 0.88609716 -248465.46483207884 -117.60741427310262 0.0
0.0 224648.702534979 0.20388358 0.02336608 0.45611387 -1.20744291 -1.70203417 -244043.95715374296 -146.95057085742465 0.0
0.0 200802.39912590897 0.12779171 0.02177654 0.44299142 -0.36056045 -1.53067624 -224624.4899344253 -24.212600553710907 0.0
0.0 186018.1006507529 0.48336981 0.02179528 0.56136411 -0.62866249 1.14468961 -200623.34664657802 -179.0524793309487 0.0
0.0 181312.70988152892 0.28713735 0.02055416 0.53064464 -0.70465352 1.16121138 -185977.06241529525 -41.03823545762976 0.0
