0.0 1101493.7441287749 0.05645695 0.02454206 0.53200297 0.7637151 -0.00203692 0.88111375 -336708.9529335446 -41.30206776224245 0.0
0.0 1015118.8898349989 0.21801787 0.02193642 0.75466282 0.63599839 -0.02731389 1.07323668 -1101139.872440207 -353.8716885677004 0.0
0.0 941349.2685431066 0.26863425 0.0206881 0.54517007 0.87801301 -0.17179905 1.86440996 -1014874.816498331 -244.07333666784135 0.0
0.0 928486.1452990447 0.15832837 0.02187388 0.69643816 0.7096445 -0.06663001 0.80084836 -940708.456428554 -640.8121145526204 0.0
0.0 856514.1578106878 0.31911594 0.02152061 0.66523985 0.62624661 -0.28361973 1.61128532 -928286.6115009206 -199.53379812410554 0.0
0.0 685371.6044398057 0.47886915 0.02137793 0.84723523 0.82878328 -0.57354026 1.6523006 -856330.6692781338 -183.48853255400766 0.0
0.0 680942.7586148332 0.07531817 0.02098774 0.73092474 0.86869935 -0.49203633 0.91040731 -685263.7636657159 -107.84077408973899 0.0
0.0 635233.1957699308 0.15847737 0.02460462 0.47748523 0.89298398 -0.42402035 1.28559035 -680906.3109828857 -36.44763194752594 0.0
0.0 618425.3327259837 0.1109371 0.02203891 0.43451316 0.62161336 -0.5151606 1.35787332 -635064.4710859921 -168.72468393874632 0.0
0.0 519769.1379406862 0.06813572 0.02467904 0.46464663 0.94998391 -0.82960542 -1.82013734 -618361.2048311322 -64.12789485151795 0.0
0.0 457042.9141634632 0.22973552 0.02262279 0.59004556 0.91108172 -0.10399571 0.35378575 -519680.81300492457 -88.32493576161067 0.0
0.0 429400.3108758456 0.27360894 0.02411128 0.81011937 0.74143156 -0.03696375 0.10793931 -456936.72866632405 -106.18549713917803 0.0
0.0 366274.8370410974 0.1231408 0.02161616 0.40345577 0.8878344 -0.58744177 -1.6926412 -429344.23221331 -56.07866253559262 0.0
0.0 336750.2550013068 0.10106441 0.02313736 0.53348163 0.62324941 -1.49330938 -1.66485592 -366149.0687375656 -125.7683035317761 0.0
0.0 333795.9501382329 0.28632869 0.02198258 0.52379177 0.85891276 -0.40570403 0.87419446 -336708.9529335446 -41.30206776224245 0.0
0.0 326357.3709844828 0.24792746 0.02208904 0.59934882 0.64219655 -0.58823284 1.06542567 -333734.26648688305 -61.683651349860014 0.0
0.0 301612.9061077014 0.12747795 0.02046701 0.57289182 0.66625686 -0.56067535 0.84394183 -326336.63775312144 -20.733231361383293 0.0
0.0 277035.3031259435 0.10631092 0.0218499 0.47934147 0.79201097 -1.88021027 1.97702257 -301603.80212489626 -9.103982805169498 0.0
0.0 270914.56570361706 0.0798438 0.02442718 0.61944316 0.78944393 -1.8429692 0.38994878 -276930.1563662632 -105.14675968032341 0.0
0.0 264322.4636759975 0.16018462 0.02391196 0.42837609 0.91699294 -1.24883234 0.62849802 -270809.42125194025 -105.14445167679095 0.0
0.0 214392.75535344257 0.1531385 0.02142071 0.46344903 0.78746102 -1.2239582 0.21875645 -264314.9065711633 -7.557104834242095 0.0
0.0 211607.5673972226 0.09089675 0.02164663 0.64865566 0.65127229 -1.78028007 -1.52024485 -214390.00108329186 -2.754270150716684 0.0
0.0 200453.1746786656 0.08050804 0.0240866 0.56683858 0.68022182 -1.04698394 1.50184705 -211506.5202702827 -101.0471269399085 0.0
0.0 199123.13530688832 0.05019523 0.02216385 0.77547828 0.69775369 -1.28557608 -1.99375515 -200446.50275388642 -6.671924779159462 0.0
0.0 194036.03029824985 0.21200299 0.02334216 0.81221889 0.65137639 -1.07610277 1.49875143 -199086.06896700434 -37.06633988399162 0.0
0.0 190170.86759529775 0.27116127 0.02159793 0.42627964 0.73234767 -1.26105054 -1.83133233 -194024.4169082864 -11.613389963454829 0.0
0.0 184939.38718358247 0.43607326 0.0214948 0.65336622 0.85486497 -0.21333178 0.33310555 -190144.03907798376 -26.828517313996635 0.0
0.0 182607.52915946642 0.05941663 0.02210792 0.68234479 0.916646 -1.12566424 -0.92197185 -184889.90993016417 -49.47725341831199 0.0
0.0 167630.1955469178 0.08553522 0.0214852 0.63131581 0.838743 -1.44523582 0.0326057 -182597.35716833832 -10.171991128092603 0.0
0.0 157334.69569725287 0.27527806 0.02279789 0.41434312 0.64407161 -1.20915835 0.70977804 -167612.29317639087 -17.902370526924997 0.0
0.0 155909.14152563008 0.30994937 0.02039365 0.58597564 0.67021508 -1.10119092 1.75275613 -157326.61780721275 -8.077890040112907 0.0
0.0 153024.57804502104 0.18995772 0.02165013 0.77294767 0.64880636 -0.23681644 0.09013413 -155887.45108756528 -21.690438064815098 0.0
0.0 151763.78141405314 0.0576985 0.0235656 0.71857656 0.90983897 -1.49808833 0.56658679 -153018.2172786718 -6.360766349240384 0.0
0.0 151289.1724581187 0.4736797 0.02181723 0.84845293 0.69824059 -0.16986445 -0.03334456 -151736.91867683345 -26.86273721969213 0.0
0.0 150163.4373414404 0.09270507 0.02212738 0.57241571 0.88060326 -1.24065915 0.4898057 -151270.40022277494 -18.772235343751106 0.0
0.0 146018.23288480358 0.28148409 0.0244252 0.44747676 0.85936966 -0.96351624 -1.70539671 -150160.19938140086 -3.2379600395506927 0.0
0.0 138544.670369515 0.32747163 0.02177665 0.41097698 0.98978421 -0.73216381 -1.82586637 -146002.51925775292 -15.713627050661326 0.0
0.0 119024.46788964358 0.25592673 0.02114731 0.57041246 0.62527904 -0.88784218 1.30128346 -138522.54583848678 -22.12453102821756 0.0
0.0 112387.17336515931 0.14761383 0.02444359 0.61006129 0.64332782 -1.733075 0.72623568 -119013.50641170387 -10.96147793970716 0.0
0.0 110272.39698770313 0.46326827 0.02105667 0.86482608 0.91592085 -0.02940329 -0.90600664 -112342.04606398506 -45.12730117423997 0.0
0.0 105946.28786155436 0.28889381 0.02466173 0.70901986 0.77315326 -1.30022421 1.83666665 -110269.9878064232 -2.409181279930505 0.0
0.0 99410.96766188813 0.34628081 0.02169279 0.41059303 0.80553225 -0.47276722 -1.30229952 -105914.75830273563 -31.529558818730344 0.0
0.0 91275.96295569197 0.15246268 0.02384707 0.63030286 0.95881107 -1.2176814 -1.89912582 -99396.41577822031 -14.55188366782184 0.0
0.0 86893.29296085334 0.25464164 0.02431991 0.46516705 0.87615254 -0.7066279 -0.35554988 -91231.34649986701 -44.61645582495461 0.0
0.0 79535.74735841075 0.3361656 0.0244025 0.57832228 0.8223685 -0.91449548 1.31561831 -86886.07455842233 -7.218402431018819 0.0
0.0 79065.50945991965 0.25275307 0.02422663 0.47921746 0.76259313 -1.02596019 0.52581195 -79512.10736984809 -23.63998856265841 0.0
0.0 72686.82697949628 0.15945586 0.02090634 0.46241409 0.90786301 -0.2789605 -0.88469859 -79062.58518843126 -2.9242714883907217 0.0
0.0 72022.87977241269 0.09883619 0.02166619 0.7675173 0.80109693 -0.26261957 -0.11452053 -72579.46396130577 -107.36301819051693 0.0
0.0 70448.11209933969 0.49933537 0.02023981 0.41625618 0.99590318 -1.82661962 0.37472791 -72019.9161094083 -2.9636630043952197 0.0
0.0 69593.8190836137 0.23013766 0.02050434 0.44866746 0.85822962 -1.30435004 1.42284835 -70330.3373825358 -117.7747168038875 0.0
0.0 67932.0568541032 0.05772359 0.02205709 0.62189956 0.78932868 -0.24083769 -0.08533343 -69567.31055733254 -26.50852628114726 0.0
0.0 65574.0889039423 0.24729822 0.0200485 0.88616802 0.72968088 -0.24695376 -0.60604706 -67929.7316178739 -2.3252362292958644 0.0
0.0 65412.81132896447 0.13298228 0.02410795 0.66064494 0.66626267 -1.61095804 1.17838397 -65559.80594849546 -14.282955446849039 0.0
0.0 65337.862532834755 0.24018348 0.02462935 0.51213981 0.89942398 -1.15382169 0.74310048 -65380.80708674612 -32.004242218350214 0.0
0.0 63094.442811739726 0.27034262 0.02231087 0.55298394 0.85981549 -1.69786314 -1.27800685 -65328.3630888956 -9.499443939155384 0.0
0.0 62564.34230291448 0.47263016 0.02498097 0.88998636 0.61453047 -1.51998887 0.75398675 -62995.44670386481 -98.99610787491511 0.0
0.0 61899.27304789712 0.4656565 0.02117315 0.8223837 0.8754571 -0.32068192 -1.29711039 -62536.177309821556 -28.16499309292797 0.0
0.0 61761.725518739615 0.43255777 0.02249709 0.84530178 0.73204439 -0.52909377 -0.4900791 -61895.51677615784 -3.756271739279741 0.0
0.0 60795.3562642077 0.32922001 0.02464054 0.47188797 0.92091376 -0.56327459 -1.19024755 -61761.11312457664 -0.6123941629765544 0.0
0.0 57307.637391879434 0.16391718 0.02044277 0.52529756 0.77538185 -0.38594008 -1.18456541 -60779.19621274897 -16.160051458731147 0.0
0.0 57112.308222128966 0.495372 0.02336667 0.59869477 0.66865615 -1.24746432 1.78128306 -57208.32603245281 -99.31135942662819 0.0
0.0 56552.465808579436 0.2621883 0.02177688 0.53121522 0.75764283 -0.99664067 -1.07947166 -57082.351484338426 -29.956737790542697 0.0
0.0 52587.02265472614 0.09625209 0.0238955 0.75106969 0.77635443 -1.35513706 0.33181325 -56546.774957337926 -5.690851241512943 0.0
0.0 51432.02432026483 0.30486698 0.02192774 0.73925075 0.6174236 -0.98787951 1.1620444 -52580.06389578019 -6.958758945946003 0.0
0.0 49487.8845354978 0.40275912 0.02052285 0.466126 0.96822343 -1.25784068 -0.24791674 -51422.503833066294 -9.520487198533694 0.0
0.0 45088.00797883244 0.1970122 0.02395212 0.63802433 0.65362098 -1.88455439 1.57646731 -49453.43996943412 -34.444566063674614 0.0
0.0 42656.059731760004 0.41860854 0.02268073 0.49135194 0.61507355 -1.73321139 0.01470577 -45021.57868407139 -66.42929476104757 0.0
0.0 41641.42961804686 0.08696706 0.02296695 0.40673758 0.88945182 -0.20735805 -0.4000509 -42614.02683091544 -42.03290084456224 0.0
0.0 41220.75095210051 0.2859383 0.02376773 0.88759079 0.67626015 -0.30882686 -1.21021658 -41620.63146913679 -20.798148910073824 0.0
0.0 39476.89263129965 0.12887238 0.02072921 0.57451256 0.9774962 -0.37643362 -1.03934878 -41191.99473833619 -28.756213764324915 0.0
0.0 39013.65029701689 0.22785195 0.02275487 0.88382898 0.72709702 -0.93318711 0.79143241 -39289.04365374849 -187.84897755115603 0.0
0.0 37956.001968593344 0.37042332 0.02161041 0.84496667 0.98587652 -0.81262892 -0.44763301 -39010.28462123451 -3.3656757823774957 0.0
0.0 36948.04638118127 0.3196846 0.02021351 0.46256953 0.89752133 -0.55535584 -0.31292911 -37952.51562214469 -3.486346448653324 0.0
0.0 34204.91573878516 0.32677334 0.02343314 0.44872051 0.76606846 -0.87730247 1.29950032 -36945.21900424421 -2.8273769370611794 0.0
0.0 34199.89916805253 0.22759266 0.02359797 0.63989097 0.85911277 -1.46381821 -1.20632803 -34184.28553725502 -20.63020153013964 0.0
0.0 33875.08517102405 0.43063102 0.0249845 0.44835016 0.8762445 -0.77409972 0.47013617 -34146.553033802666 -53.346134249860185 0.0
0.0 33152.62080982255 0.14861066 0.02200362 0.7300936 0.77387445 -1.80392903 0.92173348 -33863.0344143115 -12.050756712553122 0.0
0.0 33082.65257492905 0.27804823 0.02292254 0.87201035 0.95730874 -0.44217618 -0.94855488 -33073.98581637701 -78.63499344553449 0.0
0.0 32871.74508077852 0.41236524 0.02113856 0.45714128 0.75899345 -0.6025036 -0.52102292 -33046.58265590269 -36.0699190263655 0.0
0.0 32307.119852485448 0.38389434 0.02090074 0.75997511 0.67368657 -0.2374298 -1.15580292 -32870.98598628706 -0.7590944914627566 0.0
0.0 31939.498041717394 0.19601184 0.02043414 0.60484946 0.63905595 -1.1079403 1.39933241 -32298.248202846273 -8.871649639174935 0.0
0.0 31309.568275995895 0.36190611 0.02424764 0.54163596 0.62331489 -0.96913707 1.32659883 -31930.143607641887 -9.35443407550638 0.0
0.0 30465.60457098456 0.42184493 0.02398618 0.49746938 0.81886324 -1.35276183 0.74865453 -31295.10934419534 -14.458931800552113 0.0
0.0 30264.048240140153 0.39985362 0.02010447 0.81343212 0.70461448 -1.83472839 1.99212345 -30432.492853609496 -33.11171737506476 0.0
0.0 29888.48616215946 0.45931203 0.02188777 0.74811883 0.84079565 -0.31402156 -1.77804651 -30201.04384880027 -63.004391339883824 0.0
0.0 29453.953274250092 0.39140362 0.02142544 0.51490833 0.77895165 -1.36514314 -0.66304986 -29879.648623342127 -8.83753881733464 0.0
0.0 29373.018071454662 0.4833504 0.02492976 0.48073169 0.7751332 -0.98508614 -0.89754866 -29421.865267132453 -32.08800711764091 0.0
0.0 28397.941848427206 0.32108604 0.02327213 0.63504923 0.61905394 -0.08103738 -0.38865915 -29358.865620369816 -14.152451084848066 0.0
0.0 27189.99686553479 0.48806599 0.02116917 0.58316797 0.83599298 -0.45419719 0.45652804 -28393.17589190136 -4.765956525847028 0.0
0.0 26959.010873208943 0.33820853 0.02318327 0.85598678 0.96049308 -1.45389909 1.28004046 -27164.54835695881 -25.448508575980217 0.0
0.0 26662.981515439362 0.12956933 0.02289047 0.74578228 0.77869526 -1.4239558 0.5666294 -26905.345914348916 -53.66495886002752 0.0
0.0 26494.556141219302 0.46921698 0.02189471 0.46601173 0.66244607 -0.66799385 0.96867091 -26647.339413667658 -15.64210177170391 0.0
0.0 26233.840945631535 0.37037605 0.02347421 0.55229482 0.7899426 -1.99975338 1.0595571 -26474.41390612952 -20.14223508978223 0.0
0.0 25705.553167418857 0.16214612 0.02100319 0.84308001 0.75981574 -0.31902315 -0.58279279 -26131.277990509217 -102.56295512231617 0.0
0.0 25703.998357675715 0.38229144 0.02069241 0.53023416 0.79910862 -1.52610159 -0.95046559 -25666.061112394753 -39.49205502410548 0.0
0.0 25230.20986230899 0.30942038 0.0203446 0.86404468 0.626051 -1.81360743 1.98679511 -25651.220393780408 -52.77796389530646 0.0
0.0 24099.672391314933 0.31844661 0.02355386 0.76283897 0.84659537 -0.58146583 0.06839717 -25179.31125730304 -50.8986050059515 0.0
0.0 23575.000970542435 0.43038657 0.02348353 0.77147474 0.90033082 -0.8240117 -0.77729438 -24099.043727048782 -0.6286642661496107 0.0
0.0 22857.564427134883 0.38083218 0.02081839 0.49574592 0.86517042 -0.84356296 -0.08189418 -23568.127726290066 -6.873244252367747 0.0
0.0 22612.672500020217 0.29322382 0.0249572 0.76258764 0.75762765 -0.11301701 -1.12500757 -22854.13285089079 -3.4315762440925233 0.0
0.0 22502.305523311803 0.41025325 0.02183076 0.79781616 0.74694597 -1.55237741 0.62252011 -22579.943274198584 -32.729225821634095 0.0
0.0 21820.627182874727 0.4166807 0.02458864 0.53921316 0.81073632 -1.7714599 0.48251904 -22460.821449766016 -41.48407354578576 0.0
0.0 21791.78233286013 0.18609325 0.02136759 0.64373489 0.7332542 -1.45932824 1.22821184 -21746.307686187698 -74.31949668702913 0.0
0.0 21673.38911209342 0.12483198 0.02007217 0.59263061 0.8292126 -0.43300753 -0.64616632 -21767.16343974382 -24.618893116307305 0.0
0.0 21415.309060712487 0.47105055 0.02097039 0.43643435 0.62873034 -0.69276563 0.4520772 -21592.139269304607 -81.24984278881183 0.0
0.0 21360.495508225362 0.45087878 0.02471424 0.53128474 0.65843693 -1.89787085 -0.78246254 -21406.97047569402 -8.338585018467906 0.0
0.0 20841.2020597945 0.24461403 0.02055424 0.51016273 0.96777894 -0.220299 -1.09531651 -21295.624324628505 -64.87118359685823 0.0
0.0 20033.599557532478 0.23520471 0.0202416 0.66082686 0.60792048 -1.91804229 0.14530345 -20759.37468537366 -81.82737442084036 0.0
0.0 18908.555116891785 0.10887277 0.02174629 0.86400906 0.86970607 -1.76250105 0.68296095 -19967.10068568095 -66.4988718515265 0.0
0.0 18641.843290841243 0.24958134 0.0236833 0.73668078 0.63816378 -1.59475838 1.97811141 -18818.29018657471 -90.26493031707454 0.0
0.0 17642.178843412174 0.11473954 0.02276486 0.73386502 0.87414911 -1.19355082 0.67192814 -18606.108090107427 -35.735200733816356 0.0
0.0 16855.349552878117 0.36992741 0.02141106 0.81474278 0.85920247 -1.37586898 -1.72979355 -17638.53391174533 -3.644931666844716 0.0
0.0 16607.39303602416 0.1692669 0.02381649 0.58292179 0.86483833 -0.06698122 -0.41491317 -16803.904662500263 -51.44489037785251 0.0
0.0 16236.39069070303 0.33473913 0.02033527 0.78743295 0.9895155 -0.63417238 -1.52572164 -16602.642160971373 -4.75087505278984 0.0
0.0 16002.79021797067 0.19508984 0.02258596 0.65868101 0.8701599 -0.58107026 0.4246547 -16216.594452863126 -19.79623783990492 0.0
0.0 15870.685032220135 0.17585439 0.02409354 0.67741138 0.89631561 -1.56028697 1.56488347 -16001.5480192946 -1.24219867607167 0.0
0.0 15776.801205415091 0.47480836 0.02378027 0.6768287 0.74791221 -0.4368682 -0.52491125 -15816.46651938226 -54.218512837874286 0.0
0.0 15742.943896297289 0.07057037 0.02338767 0.68388197 0.65961562 -0.48255306 -0.47354151 -15775.690371408211 -1.110834006880257 0.0
0.0 15676.335238434365 0.45610234 0.02276002 0.73503393 0.87814108 -0.8953428 -1.72386519 -15685.656446008185 -57.287450289103944 0.0
0.0 15326.482914519334 0.46806395 0.02449989 0.49433311 0.94995614 -1.28403094 1.3323982 -15658.515153633027 -17.820084801339036 0.0
0.0 14757.214676744074 0.41161111 0.02255303 0.69908576 0.96738994 -0.45474465 -0.62380681 -15276.089683324917 -50.393231194417446 0.0
0.0 14338.869915867721 0.26545045 0.02442089 0.88765073 0.65504979 -1.00982493 -0.72691874 -14755.796306203822 -1.4183705402524236 0.0
0.0 14289.088667719752 0.16928662 0.02374714 0.78244537 0.92750836 -1.80082485 0.40410774 -14336.611697608269 -2.2582182594518323 0.0
0.0 13962.756805754436 0.45350236 0.0244956 0.75396564 0.99969295 -1.68478531 -0.25881218 -14172.142379790359 -116.94628792939338 0.0
0.0 13649.187546717181 0.22904476 0.02239209 0.84256452 0.70943392 -1.16342766 0.97164637 -13860.605696860343 -102.15110889409328 0.0
0.0 13349.874185375284 0.38956903 0.02453661 0.5676517 0.917952 -1.71160754 1.33971992 -13640.967825437281 -8.219721279899833 0.0
0.0 13342.774564584748 0.26975622 0.0218953 0.6671131 0.63903135 -1.99417488 -0.60372488 -13265.776672828173 -84.09751254711128 0.0
0.0 13317.49552774509 0.37226478 0.02409355 0.60132163 0.85206002 -0.55711268 0.50174368 -13254.427437108401 -88.34712747634703 0.0
0.0 12407.36803434647 0.46381729 0.02271973 0.72042465 0.68117386 -1.48018117 0.56946199 -13304.64469982971 -12.850827915379424 0.0
0.0 12125.940324621919 0.38835258 0.0247506 0.72802017 0.9711742 -0.29382681 -1.81331509 -12375.742749277384 -31.62528506908587 0.0
0.0 11901.840839053899 0.36962219 0.02022845 0.52439069 0.98196835 -0.09379772 -0.22722174 -12092.465963304352 -33.474361317566455 0.0
0.0 11382.925681178876 0.44043847 0.02072059 0.49761559 0.62790899 -0.68427218 -0.32832659 -11878.506907856006 -23.333931197892518 0.0
0.0 11240.25909689254 0.4098616 0.0237428 0.74245324 0.926383 -1.76671795 1.91062506 -11381.396972346549 -1.528708832327376 0.0
0.0 10992.195050816135 0.3649177 0.02353687 0.7903244 0.76048104 -1.65437529 0.89735128 -11143.675112126135 -96.58398476640481 0.0
0.0 10750.134835426925 0.13897315 0.02480311 0.87887177 0.86145511 -1.55091748 -1.49265868 -10940.542484169157 -51.652566646979295 0.0
0.0 10658.191119089539 0.46023406 0.02304459 0.65126958 0.80537437 -0.70769395 0.35866253 -10666.153939004205 -83.98089642272035 0.0
0.0 10482.531482717368 0.20394978 0.0232623 0.68575856 0.66170224 -0.66542152 -1.83345772 -10647.703335864342 -10.487783225196177 0.0
0.0 10222.630112063798 0.4611431 0.0215188 0.7159319 0.87665417 -1.800621 0.62128762 -10455.99629859628 -26.535184121088747 0.0
0.0 9740.890812411104 0.41734006 0.02291781 0.71149943 0.62154371 -0.53419494 -1.81795692 -10133.984382085562 -88.64572997823647 0.0
0.0 9598.26526783191 0.0645845 0.02004041 0.45173092 0.90443527 -0.35961558 0.11003386 -9736.40611172647 -4.484700684634637 0.0
0.0 9584.241648860363 0.28678901 0.0223776 0.73388621 0.85187982 -0.42226813 -0.68642005 -9596.440582543106 -1.8246852888037495 0.0
0.0 9423.733977527743 0.13605927 0.02115442 0.85483826 0.83494535 -1.32963861 -1.89196592 -9566.916541664212 -17.3251071961507 0.0
0.0 9330.338129536365 0.33061324 0.02096042 0.48145221 0.99872744 -0.22555733 -0.57233109 -9376.311999247213 -47.421978280530624 0.0
0.0 9130.046726561772 0.30523346 0.0222021 0.76052364 0.65831444 -1.18565848 0.99035836 -9325.102650431481 -5.235479104883395 0.0
0.0 9088.494859880167 0.29812374 0.02235627 0.78768858 0.75491293 -0.96395327 -0.08170881 -9118.73382792703 -11.312898634741574 0.0
0.0 9021.624896383895 0.21186593 0.02192842 0.78476456 0.95588129 -0.43398463 -0.7032853 -9086.942087227862 -1.5527726523051937 0.0
0.0 8603.301674644808 0.3653436 0.02152298 0.56985765 0.65360129 -0.93519034 -0.89613298 -8968.756785613321 -52.86811077057427 0.0
0.0 8574.40063352523 0.19617672 0.02309084 0.89592923 0.65994204 -0.9071955 -0.28896105 -8599.6256032614 -3.6760713834084453 0.0
0.0 8547.189987972602 0.1769409 0.02124855 0.86839273 0.99553122 -1.08825481 0.6867462 -8571.609948452446 -2.790685072784755 0.0
0.0 8530.415540507855 0.48202124 0.02259234 0.69443817 0.9589693 -1.44356937 -0.33926173 -8543.729073375926 -3.4609145966769455 0.0
0.0 8103.0354552670915 0.31729297 0.02125004 0.61266601 0.99647621 -1.63972594 1.21107034 -8468.002133630953 -62.413406876902606 0.0
0.0 8102.283120469724 0.08573786 0.02151819 0.4272364 0.70497698 -0.61133452 0.46850232 -8019.082465637182 -83.95298962990873 0.0
0.0 7686.744554672875 0.06998129 0.02349276 0.54930489 0.9858716 -1.23109392 1.35784484 -8100.64391126505 -1.6392092046747944 0.0
0.0 7495.559120708073 0.39027485 0.0203761 0.70162665 0.9272214 -1.01629712 0.13763044 -7671.8709105884445 -14.873644084430525 0.0
0.0 7474.907065105792 0.32355647 0.0212698 0.53996746 0.61966118 -0.93372209 0.71832498 -7483.61734865345 -11.941772054623522 0.0
0.0 7350.812030210545 0.48393714 0.02084133 0.69071877 0.9496245 -1.85115439 -1.65446538 -7469.924823552194 -4.982241553598154 0.0
0.0 7266.723154736213 0.43151968 0.02092769 0.70097544 0.6720093 -0.99197474 -1.60365134 -7220.731335900527 -130.08069431001908 0.0
0.0 7159.3596985123895 0.35022813 0.02277612 0.5214451 0.89307933 -0.26511084 -0.88605542 -7255.441350294637 -11.281804441575781 0.0
0.0 6756.110048368341 0.194403 0.02197876 0.87578454 0.79797455 -1.36128057 1.12681388 -7146.038844723948 -13.320853788441411 0.0
0.0 6476.4325732883135 0.33816127 0.02180467 0.76672394 0.79170639 -1.09708331 -1.06725021 -6736.2268048449 -19.883243523441383 0.0
0.0 6420.277828981114 0.34092307 0.02431719 0.64486026 0.61314393 -1.95884176 0.39160114 -6463.558923114949 -12.873650173365057 0.0
0.0 6170.192538358405 0.2164295 0.02105215 0.48873429 0.8377371 -0.65015038 0.5211553 -6357.069007462859 -63.208821518254375 0.0
0.0 6136.280769428253 0.15537377 0.02047412 0.82373593 0.6467274 -1.44352666 -0.92195271 -6168.328288319353 -1.8642500390512167 0.0
0.0 6089.4560166757265 0.4963545 0.02273788 0.65771776 0.68132932 -0.80415295 -1.33422074 -6113.132422226756 -23.14834720149657 0.0
0.0 6026.526216247717 0.4175192 0.020828 0.69756639 0.96300212 -1.64557296 1.5180156 -6082.490534302075 -6.9654823736515965 0.0
0.0 5770.805451789899 0.33432838 0.02023492 0.66472802 0.66231576 -0.24874084 -1.138206 -5942.297682824903 -84.2285334228136 0.0
0.0 5671.897655248175 0.15690578 0.02451889 0.78787686 0.68674488 -1.14164571 -0.10235617 -5754.75606403469 -16.04938775520913 0.0
0.0 5625.376273772667 0.35814337 0.02012444 0.65662839 0.76651244 -0.29509731 -1.0690561 -5671.234561722941 -0.6630935252346531 0.0
0.0 5478.37368009154 0.20964595 0.02005521 0.70196989 0.94797318 -1.15614507 -0.28361518 -5612.388051080856 -12.988222691811249 0.0
0.0 5442.338056021571 0.10906308 0.0227414 0.87284607 0.80144866 -1.73043607 1.6452579 -5472.733925929028 -5.639754162511575 0.0
0.0 5335.8743881345 0.14006988 0.02328801 0.72633476 0.71513804 -0.85330508 0.05225239 -5371.298136629994 -71.03991939157738 0.0
0.0 5333.628921817483 0.43378407 0.02422054 0.71725068 0.84377065 -1.55027975 -1.12262067 -5328.13269411625 -7.741694018250238 0.0
0.0 5250.190330517493 0.30633968 0.02475869 0.68739703 0.70519368 -0.42336997 -0.42995798 -5269.679403053885 -63.949518763598135 0.0
0.0 5114.36675085133 0.3587529 0.02047468 0.71316936 0.71466222 -1.07219715 0.04239113 -5245.789149429161 -4.401181088331916 0.0
0.0 5051.622415502715 0.27868519 0.02408097 0.67477986 0.93595445 -1.52291765 0.70121496 -5107.558737742788 -6.808013108541563 0.0
0.0 5014.174341084825 0.48894011 0.02357626 0.6720672 0.81166096 -1.42354609 -0.27130406 -4999.823993741032 -51.798421761682754 0.0
0.0 4862.272388744917 0.40492632 0.02345842 0.74036086 0.65833889 -1.9594301 -1.0587837 -4971.151728542654 -43.02261254217034 0.0
0.0 4838.695440393823 0.33360488 0.02291812 0.54047481 0.6587005 -0.9902788 1.21780075 -4786.052846709733 -76.21954203518435 0.0
0.0 4833.982380515618 0.092717 0.02321493 0.83878386 0.83211749 -0.60476186 -0.96600114 -4825.804315949342 -12.891124444481463 0.0
0.0 4622.7931484245055 0.22155153 0.02044592 0.67798692 0.64444449 -0.77001918 -1.1488788 -4721.641397460644 -112.34098305497426 0.0
0.0 4594.35596033441 0.45874525 0.02143809 0.60862777 0.68827502 -0.29294753 -0.82844345 -4612.832856033261 -9.960292391244012 0.0
0.0 4451.044881966486 0.20846118 0.02321429 0.7516602 0.64642169 -1.6308058 0.86815454 -4593.632025192817 -0.7239351415929717 0.0
0.0 4426.892364753159 0.2383056 0.02222305 0.67892661 0.76859854 -1.18775554 0.31219818 -4417.945891055961 -33.09899091052541 0.0
0.0 4403.490590555776 0.35162516 0.02122305 0.76816111 0.95190119 -1.92959979 -1.02255337 -4421.135051944967 -5.757312808192451 0.0
0.0 4352.503231090882 0.47238388 0.02174955 0.63944672 0.88184069 -0.58262787 -1.1996482 -4242.432072245378 -161.05851831039897 0.0
0.0 4305.3214903192775 0.10879554 0.0241475 0.85567587 0.72343968 -1.21377762 0.51909806 -4348.392954133261 -4.110276957621194 0.0
0.0 4209.310443945947 0.26744953 0.02165539 0.68893236 0.66407678 -1.39243001 -0.68330656 -4302.797101223834 -2.5243890954435844 0.0
0.0 4177.4516853287105 0.17487704 0.02137088 0.74658403 0.97894371 -0.21195494 -1.13335288 -4188.649111937238 -20.66133200870916 0.0
0.0 4076.3376505070496 0.203761 0.02052719 0.8884462 0.79092684 -1.79002861 1.59324762 -4016.258730911488 -161.1929544172222 0.0
0.0 4049.8853915522573 0.2392443 0.02210349 0.59716499 0.81365242 -0.08539948 -0.66869471 -3999.2156412656905 -77.12200924135895 0.0
0.0 4024.8001591044267 0.1514458 0.02061934 0.47007794 0.94571245 -0.95207447 1.14968013 -4039.4291242429076 -10.456267309349835 0.0
0.0 3993.464767290551 0.32769135 0.02357721 0.72667783 0.77461949 -1.14449719 0.73099967 -4016.855094387261 -7.945064717165575 0.0
0.0 3946.230920231043 0.38365466 0.0233414 0.53594371 0.76741542 -1.49424755 1.98320394 -3981.1347820391893 -12.329985251361787 0.0
0.0 3913.152339198852 0.3852908 0.02065351 0.59375453 0.65844861 -1.55608931 0.68406608 -3899.6385342494204 -46.59238598162258 0.0
0.0 3818.769423159036 0.26620494 0.02435933 0.55607158 0.99877319 -1.45008038 1.89822275 -3881.077040583278 -32.07529861557405 0.0
0.0 3807.7298592198617 0.28870922 0.02006127 0.71317622 0.75712151 -1.28682811 1.26685502 -3754.8531566670617 -63.916266491974184 0.0
0.0 3787.72282264113 0.35618556 0.02443485 0.66528081 0.89978681 -0.25489467 -1.18013657 -3786.4422618046947 -21.287597415166932 0.0
0.0 3773.299738316671 0.4633495 0.0242179 0.56360919 0.72558737 -0.95023099 -1.03397274 -3764.4596364162117 -23.263186224918222 0.0
0.0 3728.5372048188797 0.14206602 0.02054719 0.47174575 0.65672363 -0.47640916 0.2456119 -3763.067182157173 -10.232556159498102 0.0
0.0 3679.7341015674374 0.40283971 0.02036983 0.70525331 0.94040877 -1.92511232 1.16733608 -3727.2738133575294 -1.263391461350085 0.0
0.0 3673.053758521849 0.18237453 0.02404717 0.84512738 0.9320916 -1.71574255 -1.1377357 -3555.4104421983116 -124.32365936912588 0.0
0.0 3672.8034887033327 0.39872228 0.02436832 0.71283704 0.73509211 -1.52336023 0.84362515 -3542.501108133694 -130.55265038815534 0.0
0.0 3638.756898456206 0.23328436 0.02491428 0.82080248 0.7456073 -0.90337835 -0.32080592 -3635.2562708604855 -37.54721784284699 0.0
0.0 3614.949527957556 0.13798598 0.02324332 0.89721564 0.75755174 -1.42050248 -0.77164976 -3636.8975303164166 -1.8593681397890778 0.0
0.0 3612.022462651395 0.43725163 0.02486697 0.68355018 0.70142917 -1.16942323 -0.10263473 -3589.5349290239806 -25.41459893357504 0.0
0.0 3582.6917415664484 0.17200174 0.02109004 0.55449659 0.61847312 -0.2368494 -0.20383275 -3596.9933517286304 -15.02911092276457 0.0
0.0 3574.784562102143 0.46562004 0.02069278 0.67380145 0.83447377 -1.79756886 -1.58972253 -3580.1988084870254 -2.4929330794230644 0.0
0.0 3549.2058567323575 0.49279611 0.02097943 0.57414488 0.61345944 -0.60990506 0.34253351 -3479.365524315713 -95.4190377864296 0.0
0.0 3530.466216046019 0.28623433 0.02265768 0.83039049 0.69203642 -1.68796903 -1.49730277 -3541.015024097888 -8.190832634469695 0.0
0.0 3527.1202964987433 0.19568259 0.02026429 0.80147784 0.68277213 -1.76125293 -1.28038972 -3465.793692929031 -64.6725231169881 0.0
0.0 3485.355680486014 0.35625969 0.02274828 0.60507693 0.7949449 -0.94386307 -0.61398612 -3447.6357687947734 -79.48452770396976 0.0
0.0 3458.0971775983962 0.45517357 0.02211711 0.66192742 0.76588887 -1.02864985 -0.82307158 -3480.7487209956616 -4.606959490352541 0.0
0.0 3268.315710488292 0.37462403 0.02153855 0.6827036 0.8903023 -1.09573902 0.54381068 -3444.4042032113125 -13.692974387083623 0.0
0.0 3214.9560021718926 0.42177121 0.02399788 0.67868319 0.68936624 -1.67419582 1.80870586 -3252.290753183941 -16.024957304351183 0.0
0.0 3194.8530499487997 0.47212775 0.02440341 0.55234783 0.83884691 -0.51183673 -1.84116804 -3167.5732053361116 -47.382796835781015 0.0
0.0 2946.271893401203 0.24011078 0.02291762 0.68763192 0.85149212 -1.15110928 0.32445834 -3187.6822765925217 -7.170773356277803 0.0
0.0 2941.531520877942 0.39666437 0.02026353 0.63438421 0.85206351 -1.13795241 1.10683546 -2940.8735990808686 -5.3982943203345854 0.0
0.0 2867.2392147117835 0.3944051 0.02452881 0.61196166 0.68879478 -1.68028083 1.47832342 -2915.572458913923 -25.959061964018947 0.0
0.0 2805.645550554623 0.47066181 0.02263337 0.50027388 0.93219385 -0.43809392 -0.12769135 -2821.1644091331295 -46.074805578653965 0.0
0.0 2677.2356880722914 0.43435084 0.02476561 0.59130619 0.8524325 -1.03704608 -1.06919595 -2799.117492872702 -6.528057681920951 0.0
0.0 2655.219393124419 0.33138979 0.02082676 0.54648792 0.62690081 -0.37010599 -0.59461668 -2659.499778080346 -17.735909991945324 0.0
0.0 2550.616850419076 0.18500317 0.0240406 0.63887247 0.64122036 -0.38053916 -0.63895054 -2650.9925549636177 -4.226838160801381 0.0
0.0 2542.3223222157912 0.15630406 0.02208027 0.88366273 0.60073297 -0.8089063 -0.56244594 -2521.5626283206293 -29.054222098446743 0.0
0.0 2534.6495052893574 0.42959899 0.02448824 0.641362 0.85189795 -0.3010646 -1.62647118 -2531.089241794985 -11.233080420806328 0.0
0.0 2518.1752284206145 0.46252414 0.02484966 0.6741384 0.64150784 -1.42677543 -1.02738385 -2522.5459445179313 -12.103560771425972 0.0
0.0 2358.7069459052905 0.43272753 0.02284781 0.60409223 0.60609626 -1.66804846 -0.76606468 -2489.0940887796437 -29.081139640970857 0.0
0.0 2291.2989915285916 0.30957437 0.02426561 0.7082712 0.83959778 -1.85077618 -1.4077277 -2319.4574389334716 -39.249506971819045 0.0
0.0 2279.798723826551 0.11357446 0.02150462 0.43073213 0.61813406 -0.05238598 -0.46087642 -2168.3474985412486 -122.95149298734295 0.0
0.0 2260.9655230406415 0.39141731 0.0245909 0.63454519 0.82917231 -1.61501776 -0.27626653 -2275.4826056455836 -4.316118180967291 0.0
0.0 2231.6103004936876 0.279253 0.0204354 0.53050902 0.9303616 -0.18256573 -0.69462298 -2198.8576112508804 -62.10791178976122 0.0
0.0 2227.977979619891 0.46086999 0.02144162 0.64893546 0.93792459 -0.99755327 -1.591239 -2214.941005572971 -16.669294920716656 0.0
0.0 2128.607423203846 0.4690229 0.02004427 0.5740075 0.772063 -1.68192634 -1.09572815 -2201.7328737508683 -26.245105869022403 0.0
0.0 2117.9907087399665 0.07333954 0.02312768 0.49223117 0.81099758 -0.73937009 0.6903001 -2062.5449226289575 -66.0625005748886 0.0
0.0 2106.0412081164254 0.18144763 0.02213829 0.75861356 0.9662976 -0.76338819 -1.231121 -2116.5828522149404 -1.4078565250259671 0.0
0.0 2093.6278838986186 0.29803236 0.02142261 0.68064064 0.71502687 -1.72239308 0.8064141 -2065.7875718681353 -40.253636248290135 0.0
0.0 2090.1957499746864 0.43368176 0.0228289 0.40148688 0.78400399 -1.3259345 1.85439632 -2040.7272078481033 -52.90067605051527 0.0
0.0 2074.443913107655 0.29633674 0.02387725 0.81042845 0.69815261 -1.7776392 -1.40866646 -2049.115691157093 -41.08005881759365 0.0
0.0 2064.888325913243 0.2398143 0.02047272 0.82812888 0.95744285 -1.3018394 -0.89313768 -1998.0253794660475 -76.41853364160767 0.0
0.0 2060.745586053602 0.30008332 0.02024576 0.6216738 0.95924074 -0.65579204 -1.05147848 -2033.5285006485813 -31.359825264662028 0.0
0.0 2024.8576591839574 0.29293489 0.02454587 0.75260756 0.61944088 -0.7103728 -1.34720993 -2045.0723733153131 -15.673212738288642 0.0
0.0 2015.1463622242472 0.18412961 0.02406696 0.84576438 0.84408124 -1.57612418 -0.76834516 -2018.6421573120833 -6.2155018718740145 0.0
0.0 1926.801494902024 0.21672596 0.02453876 0.81364608 0.81768679 -1.74266102 -1.03258646 -1951.44258165864 -63.70378056560741 0.0
0.0 1890.1421606159588 0.49192536 0.02406441 0.63844213 0.89569851 -1.32247203 0.24243938 -1826.7336500227248 -100.06784487929923 0.0
0.0 1873.6712129928687 0.37481206 0.02032135 0.70990205 0.80901433 -1.47091728 -1.88480068 -1848.420227198883 -41.721933417075846 0.0
0.0 1830.646015776803 0.07153467 0.02422363 0.79681657 0.61048484 -0.11152094 -1.45491216 -1815.7733743466342 -57.89783864623457 0.0
0.0 1775.0359306965747 0.36188023 0.02215875 0.63816188 0.9812191 -1.61100382 0.59232636 -1626.7302697364316 -203.91574604037146 0.0
0.0 1762.7722416005595 0.19316013 0.02045429 0.78482894 0.85607402 -1.90511227 1.76805126 -1696.9622542616678 -78.07367643490699 0.0
0.0 1748.3177437776937 0.32497356 0.02066796 0.67262174 0.82299292 -1.8882279 0.08873307 -1645.2037313299934 -117.56851027056604 0.0
0.0 1710.16812568384 0.2277317 0.02163616 0.65076151 0.83130438 -0.63188154 -0.39548716 -1645.005207041149 -103.3125367365447 0.0
0.0 1701.6044012544885 0.28987252 0.02435773 0.64834048 0.98939928 -0.84758977 0.71200671 -1696.0621809180263 -14.105944765813554 0.0
0.0 1674.367288680316 0.47718766 0.02357723 0.57575213 0.73748629 -0.95315129 -1.56577033 -1693.3842037920151 -8.220197462473337 0.0
0.0 1663.7835428343994 0.35245067 0.02452655 0.43953459 0.86488392 -0.67322956 0.84889543 -1660.2777424984645 -14.089546181851508 0.0
0.0 1635.2000582193891 0.46024976 0.02476696 0.60720849 0.80571143 -1.75247509 -0.15706868 -1644.1237417363845 -19.659801098014956 0.0
0.0 1570.8524566148203 0.45368811 0.02449903 0.54838226 0.76567777 -0.81870709 0.43129991 -1561.6942323436238 -73.50582587576532 0.0
0.0 1519.5642557373242 0.060218 0.02100857 0.69738486 0.63409834 -0.82902778 0.54797987 -1560.4305469237117 -10.421909691108498 0.0
0.0 1511.509278633174 0.36016929 0.02437654 0.66545046 0.63796016 -1.66327429 -0.49139805 -1515.0675508775203 -4.496704859803837 0.0
0.0 1449.1508806581492 0.10188845 0.02360229 0.87482797 0.91549216 -0.20203064 -1.65291093 -1469.2412484593751 -42.26803017379883 0.0
0.0 1432.4635539043045 0.14943469 0.02298845 0.67839498 0.71927623 -0.44838286 -0.15469726 -1051.2966422136883 -397.8542384444608 0.0
0.0 1391.2638047843561 0.49775997 0.02289857 0.58908633 0.65833296 -1.92367757 -1.99952462 -1419.6462170547284 -12.817336849576014 0.0
0.0 1386.6728447522519 0.42625742 0.02046904 0.67171312 0.67619495 -1.65462442 -1.49103248 -1321.6737049094731 -69.590099874883 0.0
0.0 1367.6331253809576 0.28063253 0.02450891 0.8075099 0.91316191 -1.98328396 1.20423027 -1334.5927071561737 -52.0801375960781 0.0
0.0 1357.3457122400546 0.37387085 0.02426419 0.69662267 0.94472032 -1.08681977 -0.52472297 -1223.1840090830285 -144.44911629792915 0.0
0.0 1355.702353712995 0.44638015 0.02401748 0.55790019 0.77344336 -0.53586533 -0.68088959 -1341.1235275806407 -16.222184659413873 0.0
0.0 1315.4314194326823 0.19809592 0.02390228 0.81165139 0.86608575 -0.59660763 -1.18922043 -1354.8314356689675 -0.8709180440274945 0.0
0.0 1312.3917226352023 0.24438394 0.02214124 0.84413625 0.93310601 -1.95232179 0.61823208 -1262.9770922453824 -52.45432718729984 0.0
0.0 1310.2168600993116 0.24250651 0.02225838 0.64461347 0.68604122 -0.30455509 -0.58227465 -1158.09286423084 -154.29885840436236 0.0
0.0 1300.2645410364926 0.14778936 0.02184725 0.6406928 0.79580841 -0.72790747 0.52156033 -1295.6341198159794 -14.58274028333231 0.0
0.0 1253.1618887716343 0.11785746 0.02254961 0.53605046 0.82077602 -1.47730867 1.8597895 -1299.111202500353 -1.153338536139504 0.0
0.0 1252.5204534602722 0.44976872 0.02284976 0.59630155 0.63049735 -1.2394255 -1.0982906 -1215.7558906013192 -37.405998170315044 0.0
0.0 1246.8015718598522 0.0879602 0.02195388 0.68788503 0.65374004 -0.03058557 -1.22561778 -1234.3146622142285 -18.20579124604367 0.0
0.0 1151.6136136148257 0.33231269 0.02270993 0.68379383 0.65186935 -1.99960634 1.09585352 -1111.2788589791203 -135.52271288073177 0.0
0.0 1143.75902748333 0.45737873 0.02134227 0.56399947 0.6655361 -1.71262199 1.94472806 -1078.1509112651618 -73.462702349664 0.0
0.0 1130.884090983643 0.28443426 0.02486296 0.72334511 0.74318014 -1.33748171 -0.93371264 -1096.616938462272 -47.14208902105818 0.0
0.0 1093.206657639175 0.25864481 0.02212729 0.78553662 0.68412278 -1.1734699 -0.53238297 -1106.9244929316224 -23.959598052020795 0.0
0.0 1024.4432784493217 0.26313206 0.02453671 0.79303913 0.68880998 -1.11156007 -0.86059384 -1087.0478776528373 -6.158779986337844 0.0
0.0 1021.6385447539242 0.343431 0.02278059 0.47621356 0.85121254 -0.14519416 -0.15503702 -1018.6646863637037 -5.7785920856181 0.0
0.0 1018.8878973494443 0.43590339 0.02372915 0.60022531 0.96499586 -0.8536989 -1.67455723 -1007.6287213001428 -14.009823453781317 0.0
0.0 1006.9339277539937 0.32902842 0.02349282 0.6566827 0.68213275 -1.10716177 -0.28225306 -1000.6899599555446 -18.19793739389968 0.0
0.0 1002.7216358401428 0.16173927 0.02432331 0.85417221 0.68390808 -0.65652608 -0.93510414 -1000.9493381005581 -5.984589653435622 0.0
0.0 952.8567883906892 0.32518149 0.02358549 0.67184171 0.98445633 -1.61357084 1.23875968 -969.5812727662512 -33.14036307389158 0.0
0.0 945.0287818473233 0.40837164 0.02433891 0.6342643 0.79860626 -1.26509403 -1.43940642 -874.974366460605 -77.88242193008418 0.0
0.0 927.6442300651041 0.49641773 0.02365907 0.5907355 0.97232338 -1.64133729 -0.02798018 -912.7729603554262 -32.2558214918971 0.0
0.0 901.9282033129069 0.31010157 0.02129125 0.75075384 0.63871689 -1.6949742 0.16252551 -839.3252429083691 -88.31898715673505 0.0
0.0 900.1966456569139 0.19933197 0.02256666 0.7450314 0.75987325 -0.19726634 -1.81925536 -859.8624461743636 -42.06575713854331 0.0
0.0 891.0331362608227 0.12902088 0.02497288 0.63478485 0.69715647 -0.63202029 0.36676643 -756.650686208128 -143.54595944878588 0.0
0.0 888.0027939462369 0.33144156 0.0227732 0.63915764 0.67112112 -1.12804946 0.39616986 -888.8167130254774 -2.216423235345393 0.0
0.0 874.8994872843699 0.47424889 0.02330402 0.61652402 0.6330248 -0.65165778 -1.30439163 -880.744534259942 -7.258259686294902 0.0
0.0 851.5567508730026 0.32628179 0.02349039 0.70943359 0.94885513 -1.9952397 -0.18446516 -872.4421187512976 -2.457368533072337 0.0
0.0 838.7858572855151 0.20010177 0.02204651 0.71770801 0.64880658 -1.29567773 1.13626806 -682.9272051243255 -168.629545748677 0.0
0.0 835.4959128349143 0.43633802 0.02481605 0.63897513 0.80703415 -0.83927278 -0.53348338 -827.4872376109076 -11.298619674607524 0.0
0.0 799.5840772624783 0.12257757 0.02399303 0.86284523 0.8617147 -0.48322725 -1.04084043 -830.071319357744 -5.424593477170327 0.0
0.0 777.9024699659968 0.23084861 0.02483903 0.84040268 0.8956737 -1.27002516 -0.83384294 -669.3309934269008 -130.25308383557757 0.0
0.0 764.6605332533459 0.47244313 0.02450076 0.54651589 0.66928931 -0.64888599 0.0826496 -756.0826764501 -21.81979351589675 0.0
0.0 759.9261047395045 0.44802303 0.02377855 0.55725805 0.67396895 -0.34518571 -0.18319451 -759.6432467982884 -5.017286455057522 0.0
0.0 750.3822644140876 0.3819749 0.02093327 0.61335913 0.98694167 -1.35683129 0.83574435 -756.4223654352298 -3.5037393042746063 0.0
0.0 744.5308271398663 0.21233916 0.02045612 0.79260508 0.81844195 -1.50871791 1.31429365 -705.5658831808543 -44.81638123323328 0.0
8.226e-321 728.7691483619428 0.19923684 0.02385904 0.51069886 0.62454182 -0.09319797 -0.47857408 -706.583612081638 -37.947215058228345 0.0
3.604e-320 727.5377331004786 0.43894346 0.02494436 0.6280789 0.71278744 -1.60509616 0.09910954 -724.9041686476821 -3.864979714260735 0.0
6.7573e-320 727.168728341463 0.12828455 0.02411097 0.8199154 0.98777044 -0.5617583 -0.53849167 -683.5540398990662 -43.98369320141238 0.0
2.435142225365e-311 706.9305421366711 0.17820081 0.02474471 0.75137281 0.68947483 -0.1617232 -1.62751713 -641.1589485582006 -86.0097797832624 0.0
2.5556274710392e-310 704.6688077026357 0.24788324 0.0203763 0.79792767 0.76773404 -1.2980246 -1.14589965 -573.5579025368618 -133.3726395998093 0.0
3.5323898634773407e-301 683.5128210506284 0.16085734 0.02025864 0.66434829 0.66747559 -0.68074887 0.23235721 -681.9820950263046 -22.686712676331116 0.0
1.7503114496283633e-299 679.6200654568189 0.40482207 0.02428547 0.51019791 0.94380527 -1.42639427 1.80500179 -679.880217127015 -3.6326039236133973 0.0
1.7217256809070412e-297 675.0111408095902 0.47425536 0.024295 0.6432639 0.92486171 -1.87618495 -0.85293269 -617.1118173858954 -62.50824807092354 0.0
1.7295809893442096e-289 656.5660444317909 0.27628017 0.02138122 0.60936776 0.83447702 -0.61915228 -0.07049916 -554.4539782165824 -120.55716259300773 0.0
9.876381515118242e-280 634.0905612296215 0.25301689 0.02291957 0.7737242 0.73310663 -1.59258561 -1.50790773 -654.4885790413741 -2.077465390416839 0.0
1.2327360705576883e-276 626.9519741393393 0.27649623 0.0221664 0.71988653 0.85456854 -1.12419473 -1.74260213 -573.5633187783752 -60.52724245124624 0.0
3.31148514708413e-275 623.6880080819825 0.33156004 0.02196238 0.68046374 0.94819582 -1.3930724 -1.12472381 -603.3985168091715 -23.553457330167802 0.0
9.552164688033549e-272 615.6737385515452 0.33682002 0.02296949 0.44052794 0.60255778 -0.59544605 0.6839451 -569.4474374455929 -54.24057063638965 0.0
5.784410989797381e-264 597.7443780970832 0.24243978 0.0231527 0.74730451 0.85477434 -1.73646901 1.59264363 -607.5925597879535 -8.081178763591609 0.0
1.0234716590685357e-259 587.9535243475846 0.48668377 0.02363957 0.57964951 0.67736161 -0.1946696 -1.46320827 -519.1741252266711 -78.57025287041206 0.0
5.982822426245541e-259 586.3633910403228 0.21985788 0.02423647 0.85850691 0.60611618 -1.24630593 -1.60505431 -585.4334993430332 -2.5200250045513486 0.0
4.411425744921218e-253 572.6570607838895 0.26739021 0.02447754 0.50054808 0.7426095 -0.48545099 0.38510749 -572.2819404437857 -14.081450596537058 0.0
1.818800720458829e-251 568.952267209335 0.13333862 0.02497266 0.80333176 0.83820727 -0.62500468 -0.27597541 -567.9340989500213 -4.72296183386824 0.0
1.461296957354464e-249 564.5437924297469 0.39154718 0.02179914 0.66992574 0.61149542 -1.1375337 -1.1254162 -532.8996413262466 -36.052625883088325 0.0
1.0090583424850132e-248 562.7422180132749 0.22195634 0.02117231 0.78742698 0.97036668 -1.53040907 1.31890039 -553.8044932958826 -10.739299133864291 0.0
2.300549889149034e-248 562.2217998347265 0.33012553 0.02052091 0.66019187 0.61690556 -1.82075799 1.79836782 -505.99183424454907 -56.75038376872573 0.0
1.0691208441203498e-243 550.9988317135803 0.49452453 0.02374501 0.60476183 0.87637312 -1.97709451 1.18891594 -513.3471709333253 -48.874628901401245 0.0
4.989926994862367e-240 542.5407402846264 0.33863193 0.02484253 0.64732836 0.72267084 -0.32948598 -1.13974431 -443.24723614375057 -107.7515955698297 0.0
1.753427610935938e-239 541.6047148602207 0.251219 0.02167852 0.69699488 0.96240216 -0.95100337 0.52819506 -526.7225634395675 -15.818176845058922 0.0
2.884494310452476e-237 536.1652763886735 0.4180998 0.02320202 0.65481174 0.9739714 -0.89155879 -1.99344545 -538.8070510305691 -2.7976638296515928 0.0
3.1282619233294198e-235 531.4738269585222 0.19852284 0.02001666 0.64099532 0.84504446 -0.82852581 0.5689936 -511.8107469643145 -24.35452942435908 0.0
2.5708900110523035e-234 529.4755147296212 0.19525456 0.02037731 0.73335343 0.94505668 -0.44902679 -1.71769306 -530.4996177594201 -0.9742091991020663 0.0
1.7558206657793028e-233 527.5537470047218 0.26925921 0.02471906 0.47255796 0.64127137 -0.43189331 0.3285308 -405.93563848372236 -123.53987624589878 0.0
1.4230152767493057e-227 513.8018642268723 0.15290396 0.02161253 0.77137461 0.80750965 -1.15538826 0.98139273 -523.1093376300964 -4.444409374625408 0.0
2.27646892305667e-214 483.38845915153956 0.23667246 0.02476706 0.6714571 0.81557878 -0.05046454 -1.63101605 -507.47765511019486 -6.324209116677522 0.0
3.9382384079841183e-206 464.40972008820637 0.40674729 0.02013278 0.62269547 0.91345966 -1.37435268 -1.22894409 -351.91898131573237 -131.4694778358072 0.0
3.004426941244175e-199 448.552320901159 0.25825321 0.02436333 0.59155025 0.6891259 -0.52216556 0.20254025 -411.847711939677 -52.562008148529344 0.0
8.29078057341921e-195 438.3170086734625 0.44786802 0.02369724 0.61901316 0.78338581 -1.41834361 -0.34060036 -447.55558202956246 -0.9967388715965596 0.0
1.138205592326103e-193 435.76239306846725 0.48292776 0.02142715 0.6125406 0.74236486 -1.28257409 -0.16181866 -400.279298987586 -38.0377096858765 0.0
1.7171314356938792e-192 433.02663493383807 0.41939923 0.02468211 0.63548897 0.75440295 -0.5248399 -1.67896606 -409.52165850535584 -26.24073456311141 0.0
5.572519962724054e-189 424.8691945514091 0.47089624 0.02018525 0.44151721 0.63955959 -0.92100057 1.19675342 -426.5017034017138 -6.524931532124219 0.0
5.64131005797056e-188 422.64699447309494 0.14033733 0.02249131 0.84025217 0.77717517 -0.41969469 -1.62987322 -406.69223979322203 -18.176954758187094 0.0
8.36653826484522e-185 415.23287662414754 0.46802193 0.02132833 0.6026399 0.80360143 -1.63934316 -0.51299468 -285.7216012591323 -136.92539321396265 0.0
3.651011927177911e-182 409.1460744393364 0.42556157 0.02093254 0.47316279 0.6803667 -0.40195951 0.24791505 -352.3034522021843 -62.929424421963226 0.0
4.134614097194332e-178 399.79921125639464 0.47769922 0.02309897 0.62832753 0.83209957 -1.75283299 -0.40658898 -398.907016453736 -10.239057985600438 0.0
4.35753778369097e-177 397.5327213579202 0.18141616 0.02075119 0.79445418 0.74844401 -1.28249017 0.40133776 -320.37736799703845 -79.42184325935617 0.0
6.913996101053152e-176 394.7180998037429 0.37121751 0.02384811 0.68312395 0.8234358 -1.92479222 0.51639742 -390.54384936144595 -6.988871996474224 0.0
3.1115102030424836e-175 393.3784521312299 0.39979181 0.02235813 0.6537277 0.60738259 -1.81847677 -0.73435573 -292.9546665504016 -101.76343325334128 0.0
5.313217442088518e-175 393.2159633229672 0.31283231 0.02278042 0.49786279 0.68911726 -0.66071439 0.66989572 -341.84765740612943 -51.53079472510044 0.0
6.1233581504173865e-174 390.1938656363993 0.35954448 0.0245473 0.55076097 0.76126871 -0.24184916 -0.29539115 -386.38693561728434 -6.829027705682869 0.0
8.128006381435826e-171 382.94611622900754 0.27272249 0.02259969 0.56780045 0.68234673 -0.35681839 -0.24128704 -388.154225635741 -2.0396400006583244 0.0
5.905852126271933e-169 378.6633663542369 0.15268668 0.02023291 0.84743137 0.8641806 -0.77528226 -1.75793067 -380.48592425406827 -2.460191974939305 0.0
4.880908047743639e-168 376.6534888587901 0.31021969 0.02491222 0.71257361 0.84240491 -1.08621546 -1.75928707 -332.4457873103227 -46.21757904391422 0.0
2.1564440219657974e-164 368.1245107985101 0.48549982 0.02495631 0.59453586 0.73666462 -0.83031625 -1.19910207 -355.23375262939004 -21.41973622940008 0.0
2.5291483026135106e-163 365.7405344228947 0.1867291 0.02181717 0.85676615 0.70319558 -1.04647411 -1.04400144 -359.98332753756233 -8.141183260947718 0.0
1.7599892095000306e-160 359.098528586572 0.20599294 0.02014871 0.84766414 0.99908518 -1.4580916 -0.76178534 -361.1510035700693 -4.589530852825402 0.0
2.8888939644926774e-159 356.35125519696913 0.29803551 0.02310708 0.51862192 0.78441796 -0.24657946 -0.16813515 -300.551377920023 -58.547150666548994 0.0
1.2240384670737954e-158 355.0832545297741 0.35865905 0.0226783 0.64764579 0.86100987 -0.78079785 -1.9289702 -353.7574004403124 -2.59385475665674 0.0
3.513473355944528e-157 351.49560899478473 0.33738054 0.0240384 0.69978675 0.60871578 -0.82850641 -1.5809169 -340.44914934029634 -14.634105189477753 0.0
7.576209535054032e-156 348.4330868347684 0.30756878 0.02337178 0.63348108 0.78049279 -1.4857364 1.74534343 -347.1688617719317 -4.326747222853051 0.0
3.4447558866093704e-155 347.0962313412054 0.30541698 0.02249348 0.70219816 0.65494546 -1.52578771 0.35325056 -306.27882972175865 -42.15425711300975 0.0
6.3656925699286855e-155 346.79119901700824 0.26281872 0.02082086 0.793037 0.95745339 -1.89371304 -0.30700438 -319.66901520896516 -27.427216132240243 0.0
2.619369321025202e-151 337.90681950842105 0.42060978 0.02357541 0.62557042 0.81032189 -0.65207548 -0.90100026 -189.0067215936236 -157.78447742338466 0.0
1.262620681192783e-149 334.0420556425874 0.24444941 0.02409761 0.76502204 0.85922077 -1.62240436 1.02746256 -335.5484316006558 -2.3583879077652283 0.0
7.155943291475304e-149 332.4642669408526 0.36108772 0.02339949 0.66560227 0.79311168 -0.56354912 -1.78567924 -276.80053968982213 -57.24151595276525 0.0
3.495275091141679e-147 328.39495588733797 0.29463142 0.02204436 0.63510865 0.9116619 -0.40233205 -0.65457091 -318.9727182856998 -13.4915486551528 0.0
4.45581197117666e-143 318.91499954556065 0.11788493 0.02124875 0.89309733 0.62776368 -0.72982124 -0.96631329 -311.71311548610885 -16.681840401229124 0.0
5.726452185101309e-141 314.05664909531987 0.16724209 0.02024175 0.79506752 0.85688034 -0.92186123 -0.09406463 -286.1547158160921 -32.76028372946855 0.0
1.146977246898591e-140 314.0186983972294 0.26974074 0.02035262 0.59871079 0.74941914 -0.51086453 -0.10984381 -308.6826593703894 -5.373989724930469 0.0
6.8761908975631635e-140 311.6313564518622 0.27271967 0.02492506 0.79131431 0.69018201 -1.84180721 0.29829516 -311.6164907134203 -2.4022076838090665 0.0
1.4446330205826335e-139 311.3560919721074 0.32190257 0.02350138 0.7122032 0.63926912 -0.97053896 -1.17454382 -243.29255270039482 -68.33880375146738 0.0
8.093560728628359e-137 304.45380647980176 0.40023801 0.02049752 0.61968593 0.94104882 -0.6444165 -0.90345606 -306.98865022999234 -4.367441742115041 0.0
3.627228731251915e-133 296.03533137596855 0.16992835 0.02025401 0.83233618 0.61823221 -1.51854757 0.82433577 -300.55839172559683 -3.8954147542049364 0.0
5.891774903374226e-132 293.3003641188884 0.16608724 0.02456334 0.78999846 0.60793907 -0.64391966 -0.49511459 -276.6220110384541 -19.413320337514467 0.0
1.5491977097820867e-131 292.6971063149881 0.13280709 0.0248108 0.84512403 0.85645974 -0.69060778 -0.47771483 -274.5520060087176 -18.74835811017076 0.0
1.8256565414223608e-129 287.4868941962309 0.32073789 0.02004052 0.58707105 0.81817713 -0.42302238 -0.33125284 -248.14087372145707 -44.55623259353102 0.0
8.00213102692039e-129 286.24818447504 0.33149269 0.02347042 0.68442269 0.92792798 -1.03785854 -1.58522485 -284.96222703496306 -2.524667161267836 0.0
1.4163821958114974e-127 283.1545507247324 0.284479 0.02128146 0.74935808 0.9294258 -1.72863973 -1.81492113 -265.0147202614172 -21.23346421362278 0.0
4.2905934067352084e-127 282.3668819218639 0.3661363 0.02472248 0.60366887 0.72774794 -0.62704325 -0.23697348 -149.63750324435267 -133.51704748037974 0.0
6.13306703441494e-126 279.37091567111355 0.49502966 0.02163859 0.59954274 0.98221684 -1.83749232 0.83740483 -281.8631142756785 -0.5037676461854222 0.0
1.255588148002607e-125 279.2129913886568 0.1820958 0.02225003 0.82811522 0.6545595 -1.08802758 0.00624041 -165.28017385403112 -114.09074181708245 0.0
3.0739098244490573e-125 277.93648136408774 0.34724197 0.02252046 0.67472989 0.760963 -1.3354715 -0.73052163 -278.6759145140941 -0.5370768745627335 0.0
2.05707818282462e-123 273.48857379282464 0.24921277 0.02393048 0.79570155 0.69148705 -1.7629349 1.3721943 -251.6449013977043 -26.29157996638345 0.0
3.163705963586246e-122 270.7996932458815 0.24842795 0.02192199 0.64750271 0.63039641 -0.29114205 -0.93868754 -218.8908457826686 -54.59772801015605 0.0
2.6488854351672694e-119 263.9949532323191 0.41144486 0.02304786 0.6571274 0.68910484 -1.58837297 0.42935827 -244.2814249772527 -26.518268268628773 0.0
9.701479745730799e-119 263.0005164574286 0.28158163 0.02419468 0.75949873 0.79964804 -1.3016614 -0.4025614 -225.50416845825237 -38.490784774066775 0.0
1.5576477974830133e-118 262.80041478357157 0.47501735 0.02324325 0.49120816 0.83142094 -0.76422982 0.84382547 -243.9244726965002 -19.076043760928407 0.0
1.927476076484886e-118 262.55907874627036 0.21411641 0.02038901 0.8380685 0.87930462 -1.63786024 -0.16616417 -239.11940182797255 -23.681012955599027 0.0
1.0269392838348037e-115 255.69230108074714 0.35045689 0.0230406 0.56095737 0.88407709 -0.38332353 -0.09164299 -191.43889474442997 -71.12018400184039 0.0
8.70831600874386e-115 253.66763310171706 0.26659383 0.02352954 0.6738134 0.7608297 -0.57450518 -0.36210158 -254.03135265442137 -1.6609484263257628 0.0
6.995479711902065e-114 251.5653649934726 0.23577126 0.02365431 0.78820355 0.73557139 -1.97477496 1.90747202 -246.61139090445272 -7.05624219726434 0.0
1.31638180139784e-112 248.5533711912124 0.48100641 0.02439125 0.51419434 0.78485175 -0.54808453 0.35706563 -154.7560245410417 -96.8093404524309 0.0
1.0983189387686262e-111 246.49394723772832 0.15144931 0.02399102 0.80784309 0.62921245 -1.1772597 0.92404077 -234.574348093144 -13.979023098068392 0.0
2.5573179688410287e-110 243.2546493565588 0.24729974 0.02162886 0.80085468 0.90551206 -1.85687722 -1.32724885 -242.07040431241768 -4.423542925310637 0.0
5.246200842814605e-110 243.11213992419903 0.29775986 0.02164533 0.64809676 0.91811217 -0.46244229 -1.40809346 -86.43094953214404 -156.82369982441475 0.0
2.377013315449094e-109 241.09130164199735 0.16886091 0.02101895 0.77408985 0.9024795 -0.86711286 -0.04763203 -204.98123477918745 -38.13090514501159 0.0
6.10549831551816e-107 235.4117788537026 0.47560709 0.02143322 0.61170794 0.65155599 -1.42086863 0.24891392 -233.1747494984598 -7.916552143537568 0.0
1.5375731213393054e-104 229.87357419109108 0.15458084 0.02000994 0.84240877 0.6043805 -0.83642918 -1.2454764 -209.06937355589446 -26.342405297808135 0.0
6.508184285517108e-104 228.68210680904235 0.27518899 0.02199432 0.65417154 0.62717661 -1.20649218 1.11382314 -217.06744687072313 -12.806127320367942 0.0
4.1312932289998506e-103 226.68619337958603 0.31763817 0.02077883 0.71915864 0.96727062 -1.3308511 -1.343251 -217.91618988658803 -10.765916922454316 0.0
1.518296776912334e-102 225.51797203442385 0.24134844 0.02253338 0.81325214 0.65740075 -1.88656086 -1.23579216 -176.55514267167257 -50.131050707913445 0.0
3.848587060505489e-101 222.03483983736297 0.38055478 0.02229734 0.66787431 0.6101405 -1.84601744 0.4063891 -137.6707738450711 -87.84719818935275 0.0
1.6848404792698357e-100 220.76581391465916 0.44998569 0.02420188 0.62067271 0.89650207 -0.99827993 -0.62071298 -172.245685078738 -49.78915475862497 0.0
2.0958945975149724e-99 218.05138683017162 0.28784272 0.02034396 0.63369591 0.92924158 -1.56052413 1.81114126 -204.86869925060608 -15.897114664053081 0.0
8.190872876221902e-99 216.88555025241874 0.2386269 0.02306225 0.82631839 0.61512341 -1.5296909 -1.25784044 -150.4210972923136 -67.63028953785803 0.0
3.288988121196371e-98 215.42239767194354 0.27125592 0.02381788 0.69415702 0.86639592 -0.31379039 -1.75365222 -183.08297172546656 -33.80257852695217 0.0
1.028258656028467e-97 214.36161192019728 0.3934704 0.02059705 0.58652484 0.77250881 -1.22292664 1.19652539 -137.10668831802724 -78.31570935391629 0.0
3.546040949579856e-97 213.05629502511127 0.27010081 0.02207376 0.78525015 0.71621814 -1.98733167 -1.53851875 -189.23384442931547 -25.127767490881823 0.0
2.0066967061382294e-96 211.22131939511732 0.16653714 0.02403976 0.86829969 0.83232972 -1.20398704 0.2770528 -91.1654967578802 -121.89079826723106 0.0
5.680994237283219e-94 205.4204929309269 0.32764703 0.02049624 0.68278451 0.74797216 -1.1441383 -0.05000496 -208.20011850005417 -3.0212008950631586 0.0
1.2340537575037005e-92 202.37568053533457 0.14863495 0.02319494 0.87328943 0.67568492 -1.34669943 0.53950644 -196.8791473431776 -8.5413455877493 0.0
1.0201669365032463e-90 197.91588981428296 0.30787729 0.02039402 0.69396297 0.91079038 -1.41485736 -0.25430901 -194.3940048899723 -7.9816756453622535 0.0
4.886731899818779e-90 196.55645759780793 0.1843639 0.02100818 0.81159789 0.6645149 -1.53085492 1.02682632 -157.43395586118453 -40.481933953098434 0.0
6.914556484057615e-89 193.72552854549204 0.23518207 0.02064225 0.82156026 0.70386089 -1.59964751 -1.64840038 -171.947866171361 -24.60859142644692 0.0
1.4378583626137935e-88 193.52333270594195 0.31989243 0.0248922 0.69793748 0.75918792 -0.89102936 -1.6281124 -133.88395927911898 -59.841569266373064 0.0
2.697188496571002e-88 192.63036905346252 0.42351169 0.0229799 0.63331924 0.67413305 -1.37013779 -0.21272065 -184.2497222672303 -9.273610438711641 0.0
6.417172316947026e-88 191.76037963470355 0.22025609 0.02094853 0.8438724 0.88672213 -1.58858214 -1.83663087 -168.79144057169222 -23.8389284817703 0.0
5.698237854612173e-87 189.2985829051911 0.49652767 0.02027739 0.60185606 0.73808896 -1.65735936 -0.65474247 -92.48075349785725 -99.2796261368463 0.0
1.0514997211681438e-86 189.27613251855914 0.43765162 0.02088117 0.62841987 0.65347448 -1.46895053 0.35676235 -133.9842958044093 -55.31428710078181 0.0
3.625242257319878e-86 187.5033820023276 0.3855895 0.02406179 0.51855437 0.77386902 -0.23936561 -0.1699194 -161.52648801917866 -27.749644499380487 0.0
7.130046020900659e-86 187.22282015225505 0.42337164 0.02087459 0.6083861 0.77981355 -0.90587494 -1.49265596 -181.85178209651 -5.651599905817629 0.0
9.036107195542273e-86 187.0021900684839 0.27042634 0.02142953 0.74666838 0.71940873 -0.99017069 -1.35648014 -176.29813442869107 -10.92468572356397 0.0
1.0140562214811927e-85 186.96057759265136 0.21114268 0.02311795 0.845256 0.89015599 -1.86025787 0.47259892 -179.89862460270717 -7.103565465776727 0.0
3.1622901983712495e-85 185.3175294348454 0.25257516 0.02105777 0.7626504 0.62163388 -1.67332441 0.14113828 -66.22623996508193 -120.73433762756943 0.0
5.360322067673693e-85 185.27531802890098 0.40702343 0.02075007 0.6176714 0.9782771 -1.40744921 0.78182629 -147.41345900978223 -37.90407042506316 0.0
2.559672328062119e-82 178.42555218245175 0.30482628 0.0226914 0.72747523 0.72236109 -1.42366299 0.20619443 -133.61879682854774 -51.65652120035323 0.0
9.821008387505745e-82 177.36800591740942 0.17825582 0.02289133 0.87824439 0.98345528 -1.40089365 -1.02872614 -154.34924358080758 -24.076308601644165 0.0
1.629243574339249e-81 177.13892119926487 0.24521531 0.02327217 0.78039995 0.62317181 -1.07961996 -0.79822654 -127.46712911622866 -49.90087680118075 0.0
2.703323462488957e-80 173.76867244787084 0.19872529 0.02132835 0.72926603 0.60232074 -1.20374063 1.01761649 -174.1776783748144 -2.961242824450477 0.0
3.334892323282656e-79 171.2931424143964 0.16902784 0.02406997 0.86463202 0.87539235 -1.04805017 -1.13192043 -167.2493279504207 -6.5193444974501435 0.0
9.99857847860661e-79 170.46770619352463 0.23035808 0.02282829 0.7280351 0.63713172 -0.98103484 0.39227014 -161.26976566844766 -10.023376745948742 0.0
6.347598355060125e-78 168.36104877688024 0.28182475 0.02360538 0.61075409 0.85748478 -0.15414927 -1.16324719 -169.4798692758786 -0.9878369176460277 0.0
3.2872683697230245e-77 166.77860989610195 0.23330917 0.02205847 0.69648419 0.65178828 -0.59016495 -0.82393481 -117.50615699138942 -50.85489178549083 0.0
7.622301856445043e-77 166.17805831100372 0.31133596 0.02333498 0.67386556 0.60561956 -1.32493907 0.98052742 -150.4687927727301 -16.309817123371847 0.0
6.266682775015608e-76 163.7050224726435 0.37915789 0.02032834 0.57988464 0.73734206 -0.08804856 -1.62507617 -152.1136932993779 -14.06436501162583 0.0
1.9175306030708425e-75 162.8501410178337 0.40552787 0.0243474 0.63142709 0.98833748 -0.82008514 -1.03353045 -136.7581607686828 -26.946861703960685 0.0
5.210526989872099e-75 161.78136770488322 0.36103102 0.0235156 0.68098704 0.69634548 -1.1123373 -0.95714336 -153.7366135738652 -9.113527443968474 0.0
1.1162043695192126e-74 161.13600028721817 0.42230375 0.0219234 0.62096156 0.99709804 -1.30744939 0.16717565 -151.15932020423338 -10.622047500649833 0.0
